desc: I1 cache:         16384 B, 64 B, 4-way associative
desc: D1 cache:         16384 B, 64 B, 4-way associative
desc: LL cache:         262144 B, 64 B, 8-way associative
cmd: ./MatMult2kX
events: Ir I1mr ILmr Dr D1mr DLmr Dw D1mw DLmw 
fl=/build/glibc-x07mZ9/glibc-2.24/csu/../csu/init-first.c
fn=_init
52 7 1 1 1 1 1 6 0 0
58 8 2 2 3 2 1 1 1 1
65 8 0 0 6 3 2 0 0 0
70 3 1 1 1 0 0 1 1 1
71 3 0 0 1 0 0 1 0 0
72 3 0 0 2 1 1 1 1 1
86 4 0 0 0 0 0 0 0 0
94 1 0 0 0 0 0 0 0 0
99 2 0 0 6 0 0 0 0 0
fl=/build/glibc-x07mZ9/glibc-2.24/csu/../sysdeps/arm/crti.S
fn=???
64 1 1 1 1 1 0 0 0 0
65 1 0 0 1 1 1 0 0 0
67 1 0 0 0 0 0 0 0 0
68 1 0 0 1 1 0 0 0 0
69 1 0 0 0 0 0 0 0 0
70 1 0 0 0 0 0 0 0 0
fl=/build/glibc-x07mZ9/glibc-2.24/csu/../sysdeps/generic/dl-hash.h
fn=_init
45 12 0 0 4 1 1 0 0 0
48 4 0 0 0 0 0 0 0 0
62 12 0 0 0 0 0 0 0 0
67 1 0 0 0 0 0 0 0 0
fl=/build/glibc-x07mZ9/glibc-2.24/csu/../sysdeps/unix/sysv/linux/arm/aeabi_read_tp.S
fn=__aeabi_read_tp
52 11 1 1 0 0 0 0 0 0
53 11 0 0 0 0 0 0 0 0
fl=/build/glibc-x07mZ9/glibc-2.24/csu/../sysdeps/unix/sysv/linux/arm/init-first.c
fn=_init
30 14 2 2 4 0 0 4 0 0
32 4 0 0 1 0 0 0 0 0
33 4 0 0 3 0 0 0 0 0
34 3 0 0 1 0 0 1 0 0
36 4 0 0 1 0 0 0 0 0
37 2 0 0 1 0 0 0 0 0
38 3 0 0 2 0 0 1 0 0
fl=/build/glibc-x07mZ9/glibc-2.24/csu/libc-start.c
fn=(below main)
134 11 2 1 2 1 1 10 0 0
138 11 0 0 5 1 0 1 0 0
220 2 1 1 0 0 0 0 0 0
221 3 0 0 0 0 0 0 0 0
243 6 0 0 4 0 0 0 0 0
246 2 0 0 0 0 0 0 0 0
247 7 1 1 6 1 0 0 0 0
251 6 0 0 4 1 0 0 0 0
266 2 0 0 0 0 0 0 0 0
278 2 0 0 0 0 0 0 0 0
279 2 0 0 0 0 0 0 0 0
281 1 0 0 0 0 0 0 0 0
284 2 0 0 1 0 0 1 0 0
285 2 1 1 1 1 1 1 0 0
288 2 0 0 0 0 0 1 0 0
291 8 0 0 7 0 0 0 0 0
325 1 1 1 0 0 0 0 0 0
fl=/build/glibc-x07mZ9/glibc-2.24/ctype/ctype-info.c
fn=__ctype_init
29 1 0 0 0 0 0 2 0 0
31 10 2 2 7 3 1 1 0 0
33 5 0 0 3 0 0 1 0 0
35 6 1 0 5 0 0 1 0 0
fl=/build/glibc-x07mZ9/glibc-2.24/elf/../elf/dl-sysdep.c
fn=_dl_sysdep_start
86 3 0 0 0 0 0 9 0 0
110 3 0 0 1 1 1 1 0 0
111 89 2 2 29 2 2 4 4 4
114 3 0 0 1 0 0 1 0 0
115 2 1 1 0 0 0 1 1 1
117 143 5 5 47 2 2 22 1 1
118 76 1 1 0 0 0 0 0 0
121 1 0 0 1 0 0 0 0 0
122 1 0 0 0 0 0 0 0 0
124 1 1 1 1 0 0 0 0 0
125 1 0 0 0 0 0 0 0 0
127 1 0 0 1 1 1 0 0 0
128 2 0 0 0 0 0 0 0 0
130 1 0 0 1 0 0 0 0 0
131 2 0 0 0 0 0 0 0 0
151 2 0 0 1 0 0 1 0 0
152 2 0 0 0 0 0 0 0 0
154 2 0 0 1 1 1 1 0 0
155 2 0 0 0 0 0 0 0 0
157 3 2 2 1 0 0 2 0 0
158 2 0 0 0 0 0 1 0 0
160 1 1 1 0 0 0 0 0 0
163 2 0 0 1 0 0 1 0 0
164 2 0 0 0 0 0 1 0 0
179 2 1 1 1 0 0 1 0 0
180 3 0 0 0 0 0 0 0 0
232 3 1 1 0 0 0 1 0 0
234 6 1 1 1 0 0 0 0 0
240 4 1 0 1 1 1 1 0 0
246 5 0 0 2 0 0 0 0 0
249 7 0 0 2 0 0 0 0 0
250 1 1 1 1 1 1 0 0 0
251 2 0 0 9 0 0 0 0 0
fn=_dl_sysdep_start_cleanup
256 1 1 1 0 0 0 0 0 0
fl=/build/glibc-x07mZ9/glibc-2.24/elf/../misc/sbrk.c
fn=sbrk
34 2 0 0 0 0 0 4 0 0
42 10 1 1 4 1 1 0 0 0
46 2 0 0 0 0 0 0 0 0
62 2 1 1 4 0 0 0 0 0
fl=/build/glibc-x07mZ9/glibc-2.24/elf/../string/string.h
fn=_dl_allocate_tls_init
650 10 0 0 4 0 0 0 0 0
fn=_dl_important_hwcaps
650 98 2 2 21 0 0 16 0 0
fn=_dl_new_object
650 120 3 1 0 0 0 0 0 0
fn=fillin_rpath
650 3 0 0 0 0 0 0 0 0
fn=open_path
650 226 2 2 88 6 1 0 0 0
fl=/build/glibc-x07mZ9/glibc-2.24/elf/../sysdeps/arm/dl-irel.h
fn=_dl_start
33 3 0 0 1 0 0 1 0 0
fl=/build/glibc-x07mZ9/glibc-2.24/elf/../sysdeps/arm/dl-machine.h
fn=_dl_fixup
269 18 1 1 0 0 0 18 0 0
fn=_dl_relocate_object
78 64 0 0 16 0 0 0 0 0
85 14 0 0 14 2 2 0 0 0
89 14 0 0 7 7 7 0 0 0
90 21 0 0 0 0 0 0 0 0
91 7 0 0 0 0 0 7 0 0
99 21 0 0 7 0 0 0 0 0
112 28 1 1 14 3 1 7 0 0
115 48 2 2 8 4 2 0 0 0
355 3212 0 0 0 0 0 0 0 0
358 6424 1 1 0 0 0 0 0 0
375 6424 0 0 0 0 0 0 0 0
382 145915 11 10 26719 2092 1254 18462 2 1
383 19172 1 1 6376 0 0 3212 0 0
385 48 1 1 0 0 0 0 0 0
386 12752 1 1 3188 0 0 0 0 0
391 17383 2 2 0 0 0 0 0 0
408 24 1 1 0 0 0 0 0 0
419 1260 2 2 627 0 0 627 263 2
437 7807 2 2 2581 0 0 32 0 0
446 46170 1 1 12825 574 152 10260 0 0
456 24 0 0 8 0 0 8 0 0
473 41 2 2 8 0 0 16 0 0
480 24 0 0 8 0 0 8 0 0
496 3 0 0 0 0 0 0 0 0
497 6 0 0 3 2 0 3 1 0
502 8 1 1 4 0 0 2 0 0
508 60 0 0 15 0 0 0 0 0
509 75 0 0 30 1 0 15 0 0
514 24 0 0 8 2 0 8 2 0
563 40 1 1 8 0 0 16 0 0
568 72 0 0 24 0 0 24 0 0
572 56 2 2 40 3 1 8 0 0
632 24 1 1 8 2 1 8 0 0
650 6249 0 0 2083 306 300 2083 0 0
670 1908 0 0 954 0 0 0 0 0
671 954 0 0 954 122 122 0 0 0
673 1908 0 0 0 0 0 0 0 0
675 1908 0 0 954 0 0 0 0 0
676 1908 0 0 954 59 56 0 0 0
678 954 0 0 0 0 0 954 0 0
fn=_dl_start
48 2 0 0 1 1 1 0 0 0
63 1 0 0 0 0 0 0 0 0
64 3 1 1 2 1 1 0 0 0
78 3 0 0 2 0 0 0 0 0
314 3 0 0 1 0 0 1 0 0
330 3 0 0 1 0 0 1 0 0
331 3 1 1 1 0 0 1 0 0
355 9 0 0 0 0 0 0 0 0
383 27 0 0 18 2 2 0 0 0
386 36 1 1 9 4 4 0 0 0
391 36 0 0 0 0 0 0 0 0
415 9 1 1 9 0 0 0 0 0
416 36 0 0 0 0 0 9 0 0
650 54 0 0 18 3 3 18 0 0
fn=_dl_sysdep_start
259 8 0 0 3 1 1 0 0 0
fl=/build/glibc-x07mZ9/glibc-2.24/elf/../sysdeps/arm/dl-trampoline.S
fn=_dl_runtime_resolve
40 18 3 2 0 0 0 90 0 0
48 18 0 0 18 0 0 0 0 0
52 18 0 0 0 0 0 0 0 0
53 18 0 0 0 0 0 0 0 0
54 18 0 0 0 0 0 0 0 0
57 18 0 0 0 0 0 0 0 0
60 18 0 0 0 0 0 0 0 0
64 18 2 2 108 0 0 0 0 0
68 18 0 0 0 0 0 0 0 0
fl=/build/glibc-x07mZ9/glibc-2.24/elf/../sysdeps/generic/ldsodefs.h
fn=_dl_relocate_object
102 9594 0 0 3198 0 0 0 0 0
fn=do_lookup_x
102 6015 0 0 2005 0 0 0 0 0
fl=/build/glibc-x07mZ9/glibc-2.24/elf/../sysdeps/posix/dl-fileid.h
fn=_dl_map_object_from_fd
37 36 0 0 0 0 0 0 0 0
40 12 0 0 12 0 0 12 0 0
41 12 0 0 12 0 0 12 0 0
49 195 0 0 84 1 1 0 0 0
fl=/build/glibc-x07mZ9/glibc-2.24/elf/../sysdeps/unix/sysv/linux/arm/aeabi_read_tp.S
fn=__aeabi_read_tp
52 18 2 2 0 0 0 0 0 0
53 18 0 0 0 0 0 0 0 0
fl=/build/glibc-x07mZ9/glibc-2.24/elf/../sysdeps/unix/sysv/linux/arm/brk.c
fn=brk
28 2 1 1 0 0 0 1 1 1
31 7 1 1 1 1 1 1 0 0
33 2 0 0 0 0 0 0 0 0
39 1 0 0 0 0 0 0 0 0
40 2 0 0 1 0 0 0 0 0
fl=/build/glibc-x07mZ9/glibc-2.24/elf/../sysdeps/unix/sysv/linux/dl-osinfo.h
fn=dl_main
62 1 0 0 1 1 0 0 0 0
64 1 0 0 0 0 0 0 0 0
77 1 0 0 1 0 0 0 0 0
fl=/build/glibc-x07mZ9/glibc-2.24/elf/../sysdeps/unix/sysv/linux/dl-sysdep.c
fn=_dl_discover_osversion
45 2 0 0 0 0 0 9 0 0
47 5 2 2 2 1 0 0 0 0
87 5 1 1 0 0 0 0 0 0
102 1 0 0 0 0 0 0 0 0
106 1 0 0 0 0 0 0 0 0
107 1 0 0 0 0 0 0 0 0
109 15 1 1 3 1 1 0 0 0
111 3 0 0 0 0 0 0 0 0
113 25 0 0 5 0 0 0 0 0
115 2 0 0 0 0 0 0 0 0
116 2 0 0 0 0 0 0 0 0
119 3 1 1 0 0 0 0 0 0
121 3 0 0 0 0 0 0 0 0
123 13 0 0 0 0 0 0 0 0
128 2 0 0 0 0 0 0 0 0
132 2 0 0 9 0 0 0 0 0
fn=_dl_sysdep_start
35 2 0 0 0 0 0 0 0 0
fl=/build/glibc-x07mZ9/glibc-2.24/elf/../sysdeps/unix/sysv/linux/dl-vdso.c
fn=_dl_vdso_vsym
26 8 1 1 2 1 1 6 0 0
27 6 0 0 6 0 0 0 0 0
28 2 1 0 0 0 0 0 0 0
31 4 0 0 0 0 0 0 0 0
49 4 0 0 6 0 0 0 0 0
fl=/build/glibc-x07mZ9/glibc-2.24/elf/./dl-load.h
fn=_dl_map_object_from_fd
90 12 0 0 0 0 0 0 0 0
91 48 1 1 12 0 0 6 0 0
93 36 0 0 12 0 0 0 0 0
94 25 1 1 15 0 0 0 0 0
95 25 0 0 10 0 0 0 0 0
96 10 0 0 5 0 0 0 0 0
98 20 1 1 0 0 0 5 0 0
fl=/build/glibc-x07mZ9/glibc-2.24/elf/./dl-map-segments.h
fn=_dl_map_object_from_fd
50 6 0 0 6 0 0 0 0 0
51 12 0 0 6 0 0 0 0 0
56 66 1 1 24 0 0 18 0 0
60 12 0 0 0 0 0 0 0 0
63 12 0 0 0 0 0 6 0 0
64 12 0 0 0 0 0 6 0 0
66 18 0 0 6 0 0 0 0 0
72 48 1 1 18 0 0 0 0 0
73 18 1 1 6 0 0 0 0 0
76 24 0 0 12 0 0 6 0 0
86 72 3 1 24 0 0 0 0 0
88 24 0 0 12 0 0 0 0 0
90 78 1 1 30 0 0 12 0 0
100 48 0 0 24 0 0 0 0 0
106 12 0 0 6 0 0 0 0 0
107 12 0 0 0 0 0 6 0 0
108 54 0 0 12 0 0 6 0 0
109 6 0 0 0 0 0 0 0 0
116 12 0 0 0 0 0 0 0 0
119 18 1 1 0 0 0 6 0 0
127 42 1 1 6 0 0 6 0 0
133 18 0 0 6 0 0 0 0 0
137 20 0 0 2 0 0 4 0 0
140 4 0 0 0 0 0 0 0 0
145 12 1 1 0 0 0 0 0 0
fl=/build/glibc-x07mZ9/glibc-2.24/elf/dl-addr.c
fn=_dl_addr
30 2 0 0 1 0 0 1 0 0
31 2 0 0 1 0 0 1 0 0
34 3 0 0 1 0 0 0 0 0
38 1 0 0 0 0 0 0 0 0
39 2 0 0 2 0 0 0 0 0
40 3 1 1 2 0 0 1 0 0
42 2 0 0 2 0 0 0 0 0
45 3 0 0 1 1 1 0 0 0
50 2028 2 2 2 0 0 0 0 0
52 1011 0 0 1011 64 51 0 0 0
53 2022 0 0 0 0 0 0 0 0
55 3644 1 1 911 0 0 0 0 0
61 6672 0 0 2224 557 536 0 0 0
63 8896 1 1 2224 0 0 0 0 0
64 16357 0 0 5101 0 0 0 0 0
71 8896 0 0 2224 138 116 0 0 0
100 2 0 0 1 1 0 0 0 0
101 1 0 0 0 0 0 1 1 0
102 2 0 0 1 0 0 0 0 0
103 1 0 0 0 0 0 0 0 0
105 1 0 0 0 0 0 0 0 0
111 4 0 0 0 0 0 0 0 0
112 4 1 1 0 0 0 0 0 0
117 1 0 0 0 0 0 1 0 0
118 1 0 0 0 0 0 1 0 0
127 8 1 1 1 1 1 11 0 0
132 6 0 0 3 2 0 0 0 0
134 2 1 1 0 0 0 0 0 0
136 2 0 0 0 0 0 0 0 0
139 1 0 0 0 0 0 0 0 0
142 4 0 0 1 1 0 0 0 0
145 3 0 0 9 0 0 0 0 0
fl=/build/glibc-x07mZ9/glibc-2.24/elf/dl-cache.c
fn=_dl_cache_libcmp
138 4 0 0 0 0 0 8 0 0
139 600 5 2 200 0 0 0 0 0
141 784 0 0 0 0 0 0 0 0
143 20 0 0 4 0 0 0 0 0
149 4 0 0 0 0 0 0 0 0
150 4 0 0 0 0 0 0 0 0
151 16 4 1 4 0 0 0 0 0
153 20 0 0 4 0 0 0 0 0
155 8 4 1 0 0 0 0 0 0
161 768 0 0 192 30 29 0 0 0
163 384 0 0 0 0 0 0 0 0
164 66 0 0 0 0 0 0 0 0
167 159 0 0 0 0 0 0 0 0
168 159 0 0 0 0 0 0 0 0
171 12 1 1 12 0 0 0 0 0
fn=_dl_load_cache_lookup
185 16 0 0 0 0 0 40 0 0
193 20 2 2 8 4 1 0 0 0
196 20 0 0 8 0 0 0 0 0
199 6 2 2 1 0 0 0 0 0
207 5 0 0 1 0 0 0 0 0
208 6 1 1 1 0 0 0 0 0
212 1 0 0 0 0 0 1 0 0
215 5 0 0 1 0 0 0 0 0
218 2 1 1 0 0 0 1 0 0
219 3 0 0 0 0 0 0 0 0
220 6 0 0 1 0 0 0 0 0
241 6 0 0 0 0 0 0 0 0
247 20 0 0 8 0 0 0 0 0
256 20 1 1 8 0 0 0 0 0
262 28 1 1 4 0 0 4 0 0
266 40 0 0 20 0 0 24 0 0
267 20 0 0 16 0 0 0 0 0
281 903 14 8 155 23 22 24 0 0
297 20 0 0 8 0 0 0 0 0
301 8 0 0 0 0 0 0 0 0
309 20 0 0 0 0 0 0 0 0
310 16 1 1 0 0 0 0 0 0
311 4 0 0 0 0 0 0 0 0
312 8 0 0 36 0 0 0 0 0
fn=_dl_unload_cache
321 1 1 1 0 0 0 2 0 0
322 6 0 0 2 2 1 0 0 0
324 2 0 0 1 0 0 0 0 0
325 3 0 0 2 0 0 1 0 0
fl=/build/glibc-x07mZ9/glibc-2.24/elf/dl-debug.c
fn=_dl_debug_initialize
47 16 6 2 8 2 2 0 0 0
50 16 3 2 0 0 0 0 0 0
51 16 3 2 16 0 0 0 0 0
55 38 0 0 8 0 0 0 0 0
58 16 1 0 0 0 0 1 0 0
59 6 0 0 0 0 0 1 0 0
60 6 0 0 2 0 0 2 0 0
61 2 0 0 1 0 0 0 0 0
65 16 0 0 0 0 0 0 0 0
fn=_dl_debug_state
74 2 0 0 0 0 0 0 0 0
fl=/build/glibc-x07mZ9/glibc-2.24/elf/dl-deps.c
fn=_dl_map_object_deps
144 4 0 0 0 0 0 5 0 0
145 2 0 0 0 0 0 4 0 0
146 3 1 1 0 0 0 1 0 0
152 14 1 1 3 0 0 3 0 0
160 6 1 1 0 0 0 11 0 0
161 6 0 0 0 0 0 0 0 0
178 10 0 0 1 0 0 0 0 0
179 2 0 0 2 0 0 0 0 0
182 5 0 0 0 0 0 2 0 0
188 1 0 0 0 0 0 1 0 0
189 1 0 0 0 0 0 1 0 0
201 4 1 1 2 1 1 1 0 0
202 2 0 0 0 0 0 1 0 0
203 1 0 0 0 0 0 1 0 0
204 2 0 0 0 0 0 2 0 0
209 8 0 0 0 0 0 0 0 0
210 2 0 0 0 0 0 0 0 0
213 24 0 0 8 0 0 8 0 0
217 32 0 0 16 6 0 0 0 0
218 84 3 2 15 0 0 0 0 0
220 6 0 0 0 0 0 0 0 0
222 24 0 0 9 0 0 0 0 0
224 45 1 1 3 0 0 6 0 0
229 36 2 2 12 2 1 0 0 0
231 18 0 0 12 3 0 6 0 0
236 6 0 0 0 0 0 6 0 0
237 6 0 0 0 0 0 6 0 0
238 12 0 0 6 0 0 6 0 0
239 12 0 0 6 0 0 6 0 0
242 522 1 1 174 24 0 6 0 0
243 312 0 0 0 0 0 0 0 0
249 102 2 2 25 0 0 1 0 0
251 12 0 0 0 0 0 12 0 0
254 96 0 0 12 0 0 12 1 0
256 36 0 0 12 0 0 0 0 0
271 12 1 1 12 0 0 0 0 0
273 36 0 0 12 0 0 0 0 0
278 10 0 0 0 0 0 0 0 0
281 5 0 0 0 0 0 5 0 0
282 5 0 0 0 0 0 5 0 0
283 5 0 0 0 0 0 5 0 0
284 10 0 0 5 0 0 5 0 0
286 15 0 0 5 0 0 5 0 0
288 30 1 1 5 0 0 10 0 0
292 12 0 0 0 0 0 0 0 0
293 24 0 0 0 0 0 8 0 0
295 432 0 0 0 0 0 0 0 0
300 5 0 0 1 0 0 1 0 0
306 3 0 0 1 0 0 1 0 0
317 4 0 0 1 0 0 2 0 0
338 28 1 1 14 0 0 7 0 0
459 41 1 1 0 0 0 0 0 0
461 12 0 0 0 0 0 6 0 0
463 6 0 0 0 0 0 0 0 0
465 12 0 0 0 0 0 0 0 0
468 12 0 0 0 0 0 6 1 1
469 24 0 0 0 0 0 0 0 0
470 30 0 0 0 0 0 0 0 0
472 6 0 0 0 0 0 0 0 0
473 6 0 0 0 0 0 6 0 0
474 18 0 0 6 0 0 6 0 0
478 44 2 2 22 0 0 0 0 0
480 8 0 0 8 0 0 0 0 0
481 38 0 0 8 0 0 0 0 0
485 9 2 2 3 1 1 0 0 0
486 1 0 0 0 0 0 0 0 0
489 5 0 0 2 0 0 1 0 0
499 2 1 1 0 0 0 0 0 0
500 2 0 0 1 0 0 0 0 0
502 3 0 0 0 0 0 1 0 0
507 8 0 0 3 0 0 1 1 0
508 2 0 0 1 0 0 1 0 0
510 26 0 0 8 0 0 0 0 0
512 24 1 1 8 0 0 0 0 0
516 24 0 0 8 0 0 8 1 1
520 24 0 0 8 0 0 8 0 0
523 6 1 1 2 0 0 1 0 0
574 4 0 0 2 0 0 0 0 0
575 1 0 0 0 0 0 1 0 0
576 4 1 1 2 0 0 0 0 0
611 7 1 1 2 0 0 1 0 0
613 2 0 0 0 0 0 0 0 0
614 1 0 0 0 0 0 1 0 0
617 1 0 0 0 0 0 0 0 0
618 6 1 1 1 0 0 0 0 0
619 11 1 1 1 0 0 2 0 0
623 42 1 1 7 0 0 14 0 0
624 28 0 0 21 0 0 0 0 0
630 76 0 0 13 0 0 7 0 0
632 84 0 0 42 0 0 0 0 0
633 63 1 1 0 0 0 0 0 0
635 153 0 0 51 0 0 0 0 0
636 72 0 0 0 0 0 0 0 0
658 21 1 1 0 0 0 0 0 0
661 29 0 0 8 0 0 0 0 0
664 69 1 1 6 0 0 7 0 0
671 4 0 0 2 0 0 1 0 0
672 1 0 0 0 0 0 0 0 0
673 1 0 0 0 0 0 1 0 0
674 4 0 0 2 0 0 1 0 0
675 3 1 1 1 0 0 0 0 0
682 3 0 0 1 0 0 0 0 0
685 3 1 1 1 0 0 0 0 0
688 2 0 0 9 0 0 0 0 0
fn=openaux
60 36 1 1 0 0 0 24 1 0
63 120 0 0 60 0 0 36 0 0
64 12 0 0 12 0 0 0 0 0
68 24 0 0 24 0 0 0 0 0
fl=/build/glibc-x07mZ9/glibc-2.24/elf/dl-environ.c
fn=_dl_next_ld_env_entry
30 3 1 1 3 0 0 0 0 0
33 73 0 0 24 0 0 0 0 0
35 69 1 1 23 8 8 0 0 0
36 21 0 0 7 0 0 0 0 0
38 2 0 0 0 0 0 0 0 0
41 4 0 0 0 0 0 2 0 0
50 6 1 1 0 0 0 0 0 0
fl=/build/glibc-x07mZ9/glibc-2.24/elf/dl-error.c
fn=_dl_catch_error
163 42 0 0 0 0 0 42 0 0
175 28 0 0 0 0 0 28 0 0
176 28 0 0 0 0 0 28 0 0
177 28 1 1 0 0 0 28 5 4
178 28 0 0 0 0 0 14 0 0
180 56 2 1 28 6 1 0 0 0
181 28 0 0 14 0 0 14 0 0
182 42 0 0 0 0 0 28 1 1
185 70 1 1 0 0 0 0 0 0
187 42 0 0 28 0 0 0 0 0
188 28 0 0 28 0 0 14 0 0
189 28 0 0 14 0 0 14 0 0
190 28 0 0 14 0 0 14 0 0
191 28 1 0 14 0 0 14 0 0
192 14 0 0 0 0 0 0 0 0
199 28 0 0 28 0 0 0 0 0
fn=_dl_receive_error
205 4 1 0 0 0 0 8 0 0
206 5 0 0 2 1 1 0 0 0
210 1 0 0 1 0 0 0 0 0
211 3 0 0 2 1 1 0 0 0
214 2 0 0 0 0 0 1 0 0
215 1 0 0 0 0 0 1 0 0
217 2 0 0 0 0 0 0 0 0
219 1 0 0 0 0 0 1 0 0
220 2 0 0 8 1 0 1 0 0
fl=/build/glibc-x07mZ9/glibc-2.24/elf/dl-fini.c
fn=_dl_fini
130 3 0 0 0 0 0 9 0 0
150 17 2 2 4 2 2 1 0 0
153 8 1 1 3 1 1 2 0 0
155 1 0 0 1 1 1 0 0 0
158 2 0 0 0 0 0 0 0 0
160 8 0 0 3 0 0 1 0 0
163 6 0 0 1 0 0 2 0 0
165 1 0 0 0 0 0 1 0 0
168 5 1 1 0 0 0 0 0 0
173 26 0 0 8 0 0 0 0 0
175 24 0 0 8 0 0 0 0 0
177 16 0 0 0 0 0 0 0 0
179 8 1 1 0 0 0 8 0 0
180 8 0 0 0 0 0 8 7 7
181 8 0 0 0 0 0 0 0 0
185 24 0 0 8 1 1 8 0 0
187 7 0 0 0 0 0 0 0 0
188 5 1 1 0 0 0 0 0 0
192 5 0 0 0 0 0 0 0 0
201 10 1 1 4 0 0 2 0 0
206 33 1 1 2 0 0 2 0 0
208 8 0 0 8 0 0 0 0 0
210 24 0 0 8 0 0 0 0 0
213 16 1 1 0 0 0 8 0 0
216 24 0 0 8 6 6 0 0 0
217 6 1 1 2 1 1 0 0 0
220 20 0 0 7 0 0 0 0 0
222 3 0 0 1 0 0 1 0 0
223 7 1 1 2 0 0 2 0 0
231 18 0 0 12 6 3 0 0 0
232 12 0 0 12 0 0 0 0 0
234 48 0 0 6 0 0 0 0 0
235 12 1 1 6 5 5 0 0 0
239 12 0 0 0 0 0 0 0 0
240 24 0 0 12 2 1 0 0 0
246 59 1 1 25 1 1 1 0 0
249 3 0 0 1 0 0 1 0 0
262 24 0 0 8 0 0 8 0 0
268 8 1 1 3 0 0 0 0 0
274 5 0 0 2 1 1 0 0 0
281 2 0 0 9 1 0 0 0 0
fn=_dl_sort_fini
31 4 0 0 0 0 0 10 0 0
33 2 1 1 0 0 0 0 0 0
38 10 1 1 0 0 0 2 0 0
39 7 1 1 0 0 0 1 0 0
40 4 0 0 0 0 0 0 0 0
44 28 1 1 7 0 0 7 0 0
45 28 0 0 7 0 0 7 0 0
49 42 1 1 14 0 0 0 0 0
55 14 0 0 0 0 0 7 0 0
56 96 0 0 34 0 0 0 0 0
58 63 0 0 42 2 2 21 0 0
59 63 0 0 0 0 0 0 0 0
61 153 1 1 51 3 3 0 0 0
62 72 0 0 0 0 0 0 0 0
89 1 0 0 0 0 0 0 0 0
92 63 1 1 21 0 0 0 0 0
113 63 0 0 21 0 0 21 0 0
117 21 0 0 0 0 0 7 0 0
120 65 0 0 6 0 0 6 0 0
124 2 0 0 9 0 0 0 0 0
fl=/build/glibc-x07mZ9/glibc-2.24/elf/dl-hwcaps.c
fn=_dl_important_hwcaps
39 6 0 0 0 0 0 12 2 2
41 8 1 1 7 1 1 2 0 0
42 4 1 1 0 0 0 2 0 0
51 165 1 1 2 0 0 2 0 0
52 78 1 1 0 0 0 0 0 0
53 39 0 0 2 0 0 2 0 0
61 6 0 0 2 0 0 1 0 0
113 3 1 1 1 0 0 1 0 0
115 6 2 2 1 0 0 0 0 0
130 7 1 1 0 0 0 1 0 0
131 1 0 0 0 0 0 0 0 0
162 68 3 3 7 0 0 14 0 0
163 247 1 1 65 0 0 65 0 0
165 10 0 0 4 0 0 4 0 0
166 8 0 0 2 0 0 2 0 0
167 30 1 1 4 0 0 6 0 0
168 3 0 0 0 0 0 0 0 0
170 3 0 0 1 0 0 0 0 0
172 4 0 0 1 0 0 1 0 0
173 3 1 1 1 0 0 1 0 0
177 6 0 0 2 0 0 1 0 0
178 2 0 0 0 0 0 1 0 0
181 3 0 0 1 0 0 0 0 0
184 3 0 0 1 0 0 0 0 0
188 11 1 1 4 0 0 2 0 0
189 3 0 0 0 0 0 0 0 0
191 2 0 0 0 0 0 0 0 0
192 4 0 0 0 0 0 0 0 0
193 8 1 1 2 0 0 0 0 0
194 3 0 0 1 0 0 0 0 0
195 2 0 0 0 0 0 0 0 0
196 3 0 0 0 0 0 0 0 0
197 1 0 0 0 0 0 0 0 0
201 1 0 0 0 0 0 0 0 0
207 6 1 1 2 0 0 2 0 0
208 4 0 0 0 0 0 0 0 0
209 3 0 0 0 0 0 1 0 0
238 5 1 1 2 0 0 2 0 0
248 11 0 0 3 0 0 3 0 0
251 4 0 0 0 0 0 0 0 0
254 4 0 0 0 0 0 0 0 0
257 28 0 0 4 0 0 0 0 0
258 18 1 1 0 0 0 0 0 0
259 4 0 0 4 0 0 0 0 0
264 8 0 0 0 0 0 0 0 0
269 57 0 0 5 0 0 0 0 0
270 33 1 1 0 0 0 16 1 1
274 8 0 0 2 0 0 0 0 0
277 144 1 1 0 0 0 0 0 0
278 192 0 0 0 0 0 0 0 0
279 160 0 0 64 0 0 32 0 0
281 16 1 1 0 0 0 0 0 0
284 2 0 0 1 0 0 0 0 0
285 2 0 0 1 0 0 0 0 0
286 32 1 1 4 0 0 0 0 0
288 12 1 1 0 0 0 0 0 0
289 18 0 0 6 0 0 0 0 0
291 12 0 0 3 0 0 6 0 0
292 6 0 0 0 0 0 0 0 0
299 32 0 0 8 0 0 8 0 0
302 16 0 0 0 0 0 0 0 0
305 4 1 1 3 0 0 1 0 0
308 14 0 0 20 0 0 0 0 0
fl=/build/glibc-x07mZ9/glibc-2.24/elf/dl-init.c
fn=_dl_init
30 55 1 1 9 3 2 0 0 0
80 5 0 0 0 0 0 8 0 0
81 1 0 0 1 0 0 0 0 0
82 1 0 0 1 0 0 0 0 0
85 5 1 1 2 1 1 0 0 0
88 7 1 1 1 0 0 1 0 0
93 3 0 0 0 0 0 0 0 0
118 3 1 1 1 0 0 0 0 0
119 27 1 0 0 0 0 0 0 0
120 24 1 0 16 2 0 0 0 0
126 1 0 0 8 0 0 0 0 0
fn=call_init.part.0
28 8 0 0 0 0 0 64 0 0
36 24 2 1 8 0 0 8 0 0
39 39 0 0 16 7 2 0 0 0
40 4 1 0 9 0 0 0 0 0
44 42 0 0 7 3 0 0 0 0
45 3 1 1 9 0 0 0 0 0
49 30 2 1 12 2 1 0 0 0
58 48 0 0 18 11 6 0 0 0
62 12 0 0 8 0 0 0 0 0
68 10 0 0 10 0 0 0 0 0
70 15 1 1 10 1 0 0 0 0
71 50 0 0 40 1 0 0 0 0
72 75 0 0 15 6 2 0 0 0
fl=/build/glibc-x07mZ9/glibc-2.24/elf/dl-load.c
fn=_dl_init_paths
661 4 0 0 0 0 0 9 0 0
674 10 2 2 4 1 1 1 0 0
678 1 0 0 0 0 0 1 0 0
679 2 0 0 0 0 0 0 0 0
680 2 0 0 0 0 0 0 0 0
687 4 0 0 1 0 0 0 0 0
688 3 1 1 1 0 0 0 0 0
691 1 0 0 0 0 0 1 0 0
692 3 0 0 0 0 0 0 0 0
694 2 0 0 0 0 0 0 0 0
700 2 0 0 0 0 0 1 0 0
701 3 2 2 1 0 0 1 0 0
709 5 0 0 0 0 0 3 0 0
711 10 0 0 5 0 0 2 0 0
712 1 0 0 0 0 0 1 0 0
714 6 0 0 1 1 1 10 2 2
715 11 0 0 3 1 1 4 0 0
716 12 1 1 0 0 0 0 0 0
719 9 0 0 3 1 1 0 0 0
720 208 0 0 0 0 0 0 0 0
721 65 0 0 0 0 0 64 4 4
723 24 1 1 3 0 0 5 0 0
729 4 0 0 1 0 0 1 1 1
730 1 0 0 0 0 0 1 0 0
734 3 0 0 2 0 0 0 0 0
735 2 0 0 0 0 0 0 0 0
737 4 1 1 1 0 0 0 0 0
739 3 0 0 1 0 0 0 0 0
756 2 0 0 0 0 0 1 0 0
758 3 1 1 1 0 0 0 0 0
772 1 0 0 0 0 0 1 0 0
777 5 1 1 1 0 0 0 0 0
785 5 0 0 0 0 0 0 0 0
787 10 1 1 0 0 0 0 0 0
791 1 0 0 0 0 0 0 0 0
804 44 0 0 14 0 0 0 0 0
806 28 0 0 0 0 0 0 0 0
807 14 0 0 0 0 0 0 0 0
811 3 0 0 1 0 0 1 0 0
812 2 0 0 0 0 0 0 0 0
813 2 1 1 0 0 0 0 0 0
819 12 0 0 4 0 0 3 0 0
823 4 1 1 2 0 0 0 0 0
829 4 0 0 1 0 0 1 0 0
833 2 0 0 9 0 0 0 0 0
fn=_dl_map_object
638 36 6 2 12 0 0 0 0 0
2167 56 7 1 14 0 0 140 7 5
2169 6 0 0 0 0 0 0 0 0
2175 42 1 1 0 0 0 0 0 0
2176 70 0 0 28 1 1 0 0 0
2179 288 0 0 82 0 0 0 0 0
2184 380 0 0 76 0 0 0 0 0
2186 380 1 1 0 0 0 0 0 0
2190 204 0 0 68 0 0 0 0 0
2191 204 0 0 68 4 0 0 0 0
2194 33 0 0 33 0 0 0 0 0
2195 99 0 0 66 36 0 0 0 0
2196 165 0 0 0 0 0 0 0 0
2198 235 2 2 28 0 0 0 0 0
2212 18 1 1 12 0 0 0 0 0
2213 24 0 0 0 0 0 0 0 0
2214 18 3 1 6 0 0 6 1 0
2222 30 0 0 12 3 0 0 0 0
2256 12 0 0 0 0 0 6 2 1
2258 30 0 0 0 0 0 0 0 0
2262 16 1 1 0 0 0 4 0 0
2264 20 0 0 8 1 1 0 0 0
2271 20 0 0 4 0 0 0 0 0
2275 32 2 1 12 0 0 8 0 0
2280 12 0 0 4 0 0 0 0 0
2281 4 0 0 0 0 0 0 0 0
2283 44 4 1 4 0 0 16 0 0
2295 24 4 1 16 0 0 0 0 0
2296 28 1 1 8 0 0 0 0 0
2306 20 1 1 8 0 0 0 0 0
2307 68 1 1 8 0 0 20 0 0
2313 8 0 0 0 0 0 0 0 0
2314 4 0 0 0 0 0 0 0 0
2322 8 1 1 0 0 0 4 0 0
2336 12 0 0 4 0 0 0 0 0
2338 20 0 0 8 0 0 0 0 0
2342 8 0 0 0 0 0 0 0 0
2344 8 0 0 0 0 0 0 0 0
2348 8 0 0 0 0 0 0 0 0
2356 16 1 1 4 0 0 0 0 0
2379 44 0 0 4 0 0 12 0 0
2383 8 0 0 0 0 0 0 0 0
2384 8 0 0 0 0 0 4 0 0
2401 20 2 2 8 0 0 0 0 0
2407 2 0 0 0 0 0 2 0 0
2409 12 1 1 0 0 0 0 0 0
2410 6 0 0 0 0 0 0 0 0
2414 22 1 1 2 0 0 6 0 0
2417 4 0 0 0 0 0 0 0 0
2429 18 0 0 6 0 0 0 0 0
2431 16 0 0 0 0 0 0 0 0
2475 30 0 0 12 0 0 6 0 0
2476 78 1 1 12 0 0 36 0 0
2478 42 0 0 126 2 0 0 0 0
fn=_dl_map_object_from_fd
871 54 3 2 0 0 0 84 0 0
881 24 0 0 6 0 0 6 0 0
882 12 0 0 0 0 0 6 0 0
897 147 2 1 69 4 1 0 0 0
898 81 1 1 27 0 0 0 0 0
915 18 1 1 6 0 0 0 0 0
939 24 0 0 6 0 0 6 0 0
949 30 1 1 12 0 0 0 0 0
971 24 0 0 12 0 0 0 0 0
1003 12 0 0 0 0 0 0 0 0
1006 54 1 1 36 0 0 12 0 0
1007 12 0 0 0 0 0 0 0 0
1018 12 0 0 6 0 0 6 1 1
1019 12 1 1 6 0 0 6 0 0
1020 24 0 0 12 0 0 6 0 0
1022 6 0 0 0 0 0 0 0 0
1023 30 0 0 12 0 0 0 0 0
1024 12 0 0 0 0 0 0 0 0
1041 6 0 0 0 0 0 6 0 0
1043 36 0 0 0 0 0 6 0 0
1051 274 2 2 44 0 0 18 0 0
1052 397 1 1 62 0 0 0 0 0
1058 12 0 0 6 0 0 6 0 0
1059 18 0 0 6 0 0 6 0 0
1060 6 0 0 0 0 0 0 0 0
1063 2 0 0 1 0 0 1 0 0
1064 1 0 0 0 0 0 0 0 0
1069 96 3 2 42 0 0 6 0 0
1074 84 0 0 36 0 0 0 0 0
1082 36 6 1 12 0 0 12 0 0
1083 84 6 1 12 0 0 24 1 0
1084 48 0 0 12 0 0 0 0 0
1085 12 0 0 0 0 0 24 0 0
1086 48 0 0 12 0 0 12 0 0
1087 24 0 0 0 0 0 12 0 0
1091 36 1 1 12 0 0 0 0 0
1092 24 0 0 6 0 0 6 0 0
1096 72 0 0 36 0 0 12 0 0
1097 72 0 0 24 0 0 0 0 0
1107 12 0 0 0 0 0 0 0 0
1110 6 0 0 2 0 0 0 0 0
1114 2 0 0 0 0 0 2 1 1
1115 4 0 0 2 0 0 2 0 0
1116 2 0 0 0 0 0 0 0 0
1117 2 0 0 0 0 0 0 0 0
1119 8 0 0 2 0 0 2 0 0
1120 4 0 0 2 0 0 2 0 0
1123 2 0 0 0 0 0 2 0 0
1127 10 0 0 2 0 0 0 0 0
1130 18 0 0 6 0 0 6 0 0
1133 4 0 0 0 0 0 2 0 0
1134 2 0 0 0 0 0 0 0 0
1146 18 0 0 6 0 0 6 0 0
1189 12 1 1 6 0 0 6 0 0
1190 6 0 0 0 0 0 0 0 0
1193 12 1 1 6 0 0 6 0 0
1194 12 0 0 6 0 0 6 0 0
1195 6 0 0 0 0 0 0 0 0
1198 18 0 0 6 0 0 0 0 0
1207 18 0 0 6 0 0 0 0 0
1217 48 1 1 24 0 0 0 0 0
1229 24 1 1 12 0 0 0 0 0
1238 18 1 1 6 0 0 6 0 0
1245 24 0 0 6 0 0 0 0 0
1260 18 1 1 6 0 0 0 0 0
1279 18 0 0 6 0 0 6 0 0
1281 42 0 0 18 0 0 0 0 0
1335 12 0 0 6 0 0 0 0 0
1336 18 5 1 2 0 0 2 0 0
1339 24 0 0 6 0 0 0 0 0
1348 18 0 0 6 0 0 0 0 0
1350 24 6 1 12 0 0 6 0 0
1352 30 0 0 12 0 0 0 0 0
1368 12 0 0 0 0 0 0 0 0
1372 18 0 0 6 0 0 0 0 0
1373 18 0 0 6 0 0 0 0 0
1390 18 2 1 6 0 0 0 0 0
1391 4 0 0 1 1 1 1 0 0
1394 30 0 0 24 0 0 24 0 0
1399 18 5 1 6 0 0 0 0 0
1409 30 0 0 12 0 0 0 0 0
1419 18 0 0 6 0 0 0 0 0
1423 30 5 1 12 0 0 0 0 0
1443 18 0 0 54 0 0 0 0 0
fn=check_arm_attributes_hfabi.constprop.10
1498 160 3 1 160 0 0 0 0 0
1499 320 0 0 0 0 0 0 0 0
1500 160 0 0 0 0 0 0 0 0
1502 320 0 0 0 0 0 0 0 0
1517 42 8 2 0 0 0 72 0 0
1521 18 0 0 12 0 0 0 0 0
1525 18 0 0 0 0 0 0 0 0
1526 18 0 0 6 0 0 0 0 0
1527 36 0 0 0 0 0 0 0 0
1530 630 0 0 12 0 0 0 0 0
1532 468 6 1 156 56 45 0 0 0
1536 24 0 0 6 2 2 0 0 0
1540 30 0 0 12 0 0 0 0 0
1541 42 1 1 12 0 0 0 0 0
1547 18 0 0 6 0 0 0 0 0
1551 6 0 0 0 0 0 0 0 0
1553 42 1 1 12 0 0 12 0 0
1556 24 0 0 6 0 0 0 0 0
1558 24 0 0 6 4 0 6 0 0
1562 6 0 0 0 0 0 0 0 0
1564 6 0 0 0 0 0 0 0 0
1566 54 2 2 12 0 0 12 0 0
1568 24 0 0 6 0 0 6 0 0
1572 18 0 0 0 0 0 0 0 0
1573 6 0 0 0 0 0 0 0 0
1579 18 1 1 6 0 0 0 0 0
1586 6 0 0 6 0 0 0 0 0
1589 24 0 0 6 0 0 0 0 0
1591 18 0 0 6 0 0 6 0 0
1594 6 0 0 0 0 0 0 0 0
1597 6 0 0 0 0 0 0 0 0
1598 12 0 0 0 0 0 0 0 0
1601 18 0 0 6 0 0 6 0 0
1605 338 1 1 0 0 0 0 0 0
1609 575 0 0 0 0 0 0 0 0
1612 18 1 1 0 0 0 0 0 0
1613 6 0 0 0 0 0 0 0 0
1619 249 0 0 0 0 0 0 0 0
1621 18 0 0 6 0 0 6 0 0
1632 18 0 0 60 0 0 0 0 0
fn=expand_dynamic_string_token
362 12 1 1 0 0 0 18 0 0
372 15 0 0 0 0 0 0 0 0
376 6 0 0 0 0 0 0 0 0
387 3 2 1 18 0 0 0 0 0
fn=fillin_rpath
433 13 2 2 2 1 1 15 0 0
435 1 0 0 0 0 0 0 0 0
438 10 0 0 4 0 0 0 0 0
442 4 1 1 1 0 0 0 0 0
444 1 0 0 0 0 0 0 0 0
448 2 0 0 0 0 0 0 0 0
451 3 0 0 1 0 0 1 0 0
455 9 1 1 1 0 0 0 0 0
460 4 1 1 0 0 0 1 0 0
463 3 0 0 1 0 0 0 0 0
470 21 0 0 7 0 0 1 0 0
471 12 1 1 4 0 0 0 0 0
489 3 1 1 0 0 0 1 0 0
492 3 1 1 1 0 0 0 0 0
493 11 1 1 3 0 0 3 0 0
495 3 0 0 1 0 0 0 0 0
499 1 0 0 0 0 0 1 1 1
500 1 0 0 0 0 0 0 0 0
501 2 0 0 0 0 0 1 0 0
502 1 1 1 0 0 0 1 0 0
504 7 0 0 3 0 0 2 0 0
505 1 0 0 0 0 0 0 0 0
510 4 0 0 1 0 0 0 0 0
511 52 0 0 0 0 0 0 0 0
512 16 0 0 0 0 0 16 0 0
514 2 0 0 1 0 0 1 0 0
515 2 1 1 0 0 0 0 0 0
520 2 2 1 0 0 0 1 0 0
522 1 0 0 0 0 0 1 0 0
523 3 0 0 1 0 0 1 0 0
526 4 0 0 1 0 0 1 0 0
528 3 1 1 0 0 0 0 0 0
532 2 0 0 1 0 0 1 0 0
535 3 0 0 9 0 0 0 0 0
fn=open_path
1450 28 1 1 8 0 0 12 0 0
1453 16 0 0 4 0 0 8 0 0
1460 12 0 0 4 0 0 4 0 0
1463 16 1 1 4 0 0 8 0 0
2018 12 1 1 0 0 0 36 0 0
2019 8 0 0 4 0 0 4 0 0
2022 4 0 0 0 0 0 4 0 0
2023 8 0 0 0 0 0 4 0 0
2025 16 0 0 0 0 0 8 0 0
2030 56 1 1 20 3 1 4 0 0
2037 8 0 0 4 0 0 0 0 0
2042 32 0 0 16 2 0 4 0 0
2049 8 0 0 8 4 0 0 0 0
2050 332 5 2 0 0 0 0 0 0
2053 192 0 0 64 0 0 0 0 0
2057 88 0 0 42 0 0 0 0 0
2060 19 0 0 0 0 0 0 0 0
2063 77 0 0 23 0 0 4 0 0
2066 209 1 1 95 0 0 57 0 0
2068 57 0 0 19 0 0 0 0 0
2070 32 0 0 0 0 0 0 0 0
2075 48 1 1 16 0 0 0 0 0
2076 160 0 0 64 0 0 0 0 0
2082 80 1 1 16 0 0 16 0 0
2084 96 0 0 0 0 0 0 0 0
2085 4 0 0 1 0 0 0 0 0
2087 45 0 0 0 0 0 15 0 0
2089 4 1 1 0 0 0 1 0 0
2094 76 1 1 19 0 0 19 0 0
2096 82 0 0 38 0 0 0 0 0
2097 32 0 0 8 0 0 12 0 0
2114 16 1 1 8 0 0 4 0 0
2132 4 0 0 0 0 0 0 0 0
2135 32 0 0 8 0 0 0 0 0
2140 12 0 0 4 0 0 4 0 0
2142 24 1 1 8 0 0 8 0 0
2145 8 0 0 0 0 0 0 0 0
2159 16 2 1 40 0 0 0 0 0
fn=open_verify.constprop.9
1642 18 4 1 0 0 0 6 0 0
1645 18 0 0 0 0 0 0 0 0
1646 12 0 0 0 0 0 0 0 0
1650 18 0 0 6 0 0 0 0 0
1657 30 2 1 12 1 1 0 0 0
1660 12 0 0 0 0 0 1 0 0
1666 15 0 0 0 0 0 0 0 0
1695 175 0 0 25 0 0 275 1 1
1734 175 2 2 50 1 1 0 0 0
1747 19 0 0 0 0 0 0 0 0
1765 100 1 1 25 0 0 0 0 0
1767 50 0 0 0 0 0 0 0 0
1777 24 0 0 6 0 0 6 0 0
1778 18 0 0 0 0 0 6 0 0
1783 30 1 1 6 0 0 0 0 0
1785 12 0 0 0 0 0 0 0 0
1787 12 0 0 0 0 0 6 0 0
1789 18 0 0 0 0 0 0 0 0
1795 12 0 0 0 0 0 0 0 0
1807 8 1 1 4 0 0 0 0 0
1811 162 3 3 36 4 2 6 0 0
1863 12 1 1 8 0 0 0 0 0
1885 18 0 0 6 0 0 0 0 0
1890 18 0 0 6 0 0 0 0 0
1892 24 0 0 6 0 0 0 0 0
1898 12 0 0 0 0 0 0 0 0
1909 18 1 1 6 0 0 0 0 0
1915 12 0 0 6 0 0 0 0 0
1916 24 0 0 6 0 0 0 0 0
1917 12 0 0 0 0 0 0 0 0
1937 166 0 0 0 0 0 0 0 0
1939 192 1 1 51 12 4 0 0 0
1943 30 0 0 12 0 0 0 0 0
1944 18 0 0 6 0 0 0 0 0
1953 102 2 2 6 0 0 12 0 0
1956 6 0 0 0 0 0 0 0 0
1957 18 0 0 6 0 0 0 0 0
1958 24 0 0 6 0 0 0 0 0
1960 18 0 0 0 0 0 0 0 0
1965 2 0 0 0 0 0 0 0 0
1966 2 0 0 0 0 0 0 0 0
1969 4 2 1 0 0 0 0 0 0
1972 4 0 0 2 0 0 0 0 0
1973 4 0 0 2 0 0 0 0 0
1974 2 0 0 2 0 0 0 0 0
1975 10 0 0 6 0 0 0 0 0
1976 12 2 0 4 0 0 0 0 0
2004 75 6 2 225 0 0 0 0 0
fl=/build/glibc-x07mZ9/glibc-2.24/elf/dl-lookup.c
fn=_dl_lookup_symbol_x
572 272087 2 2 91372 1944 1564 0 0 0
573 174628 0 0 0 0 0 0 0 0
810 16232 1 1 2029 0 0 22319 9 4
812 4058 0 0 0 0 0 2029 0 0
813 6087 0 0 0 0 0 4058 0 0
816 10145 2 2 4058 2 2 2029 0 0
820 12090 0 0 4030 0 0 0 0 0
824 12174 2 2 4058 0 0 2029 1 1
825 4058 0 0 0 0 0 0 0 0
827 4058 0 0 4058 5 0 0 0 0
831 4154 0 0 24 0 0 0 0 0
833 34493 2 2 10145 0 0 16232 3 1
836 4058 2 2 0 0 0 0 0 0
839 168 0 0 0 0 0 0 0 0
862 6087 0 0 2029 0 0 0 0 0
864 168 7 4 48 0 0 0 0 0
879 48 1 1 0 0 0 24 0 0
880 24 0 0 0 0 0 0 0 0
883 2005 0 0 2005 1 0 0 0 0
884 14035 0 0 4010 1 0 0 0 0
915 2005 0 0 0 0 0 0 0 0
924 8020 2 2 2005 0 0 0 0 0
938 4010 0 0 2005 16 4 0 0 0
939 4010 0 0 0 0 0 1 0 0
941 16040 0 0 8020 0 0 0 0 0
946 2005 0 0 0 0 0 2005 0 0
948 6087 1 1 18261 0 0 0 0 0
fn=_dl_setup_hash
956 8 0 0 0 0 0 16 1 1
959 24 2 1 8 0 0 0 0 0
963 8 0 0 8 0 0 0 0 0
967 16 0 0 8 8 8 8 0 0
968 8 0 0 8 0 0 0 0 0
969 8 2 1 8 5 5 0 0 0
971 24 0 0 0 0 0 0 0 0
972 8 0 0 0 0 0 8 0 0
973 24 0 0 8 1 1 8 0 0
975 8 0 0 0 0 0 8 0 0
976 8 0 0 0 0 0 0 0 0
978 8 0 0 0 0 0 8 0 0
980 32 0 0 0 0 0 8 0 0
981 8 2 1 16 0 0 0 0 0
fn=check_match
92 8028 2 2 6021 53 15 12042 5 0
95 32096 3 2 6017 7 3 0 0 0
99 4 2 1 12 0 0 0 0 0
107 12030 0 0 2005 5 1 0 0 0
110 8224 2 2 68 0 0 0 0 0
114 2005 0 0 2005 12 3 0 0 0
115 4010 1 1 0 0 0 0 0 0
117 4002 0 0 0 0 0 0 0 0
136 6003 0 0 4002 58 7 0 0 0
137 16008 2 2 6003 13 2 0 0 0
138 12006 1 1 4002 0 0 0 0 0
165 8 0 0 0 0 0 0 0 0
167 28 0 0 8 3 2 0 0 0
168 12 2 2 0 0 0 0 0 0
171 4 0 0 0 0 0 0 0 0
172 14 0 0 6 0 0 2 0 0
174 6 0 0 14 0 0 2 0 0
176 4008 0 0 12018 0 0 0 0 0
fn=do_lookup_x
191 280 0 0 0 0 0 0 0 0
192 500 0 0 0 0 0 0 0 0
193 750 0 0 250 39 39 0 0 0
195 98 0 0 0 0 0 0 0 0
196 294 0 0 0 0 0 0 0 0
197 288 1 1 0 0 0 0 0 0
200 82 0 0 0 0 0 82 0 0
201 82 0 0 0 0 0 82 0 0
202 234 0 0 82 0 0 292 0 0
203 244 1 1 0 0 0 152 0 0
220 244 0 0 122 0 0 122 0 0
222 1464 1 1 366 3 0 244 0 0
224 244 0 0 122 0 0 0 0 0
225 122 0 0 122 0 0 0 0 0
226 244 0 0 0 0 0 0 0 0
228 968 1 1 121 0 0 242 0 0
229 1100 0 0 0 0 0 0 0 0
232 759 1 1 253 74 20 0 0 0
233 200 0 0 40 0 0 0 0 0
235 120 0 0 80 0 0 0 0 0
240 80 0 0 0 0 0 0 0 0
241 40 0 0 0 0 0 0 0 0
245 120 0 0 80 0 0 40 0 0
246 120 1 1 40 0 0 40 0 0
248 200 0 0 120 0 0 0 0 0
252 639 0 0 213 0 0 0 0 0
255 132 0 0 0 0 0 0 0 0
256 396 0 0 0 0 0 0 0 0
257 132 0 0 0 0 0 0 0 0
260 972 1 1 405 1 0 0 0 0
267 20 0 0 2 0 0 0 0 0
268 6 1 1 0 0 0 0 0 0
270 4 0 0 0 0 0 0 0 0
277 222 2 2 6 0 0 8 0 0
278 276 0 0 92 4 1 0 0 0
279 210 0 0 210 0 0 0 0 0
283 16 0 0 6 0 0 0 0 0
284 4 0 0 0 0 0 2 0 0
286 4 1 1 2 0 0 2 0 0
287 18 0 0 6 0 0 4 0 0
303 2 1 1 0 0 0 0 0 0
311 6522 0 0 0 0 0 0 0 0
312 3 0 0 0 0 0 0 0 0
313 4 0 0 2 0 0 0 0 0
316 6 0 0 0 0 0 1 0 0
317 4 0 0 0 0 0 1 0 0
318 11 2 2 3 0 0 1 1 0
321 246 1 1 82 0 0 0 0 0
322 328 0 0 246 0 0 0 0 0
329 246 0 0 82 0 0 0 0 0
332 328 0 0 0 0 0 0 0 0
334 656 2 2 246 0 0 82 0 0
339 410 0 0 246 0 0 0 0 0
341 164 0 0 164 0 0 0 0 0
342 82 0 0 0 0 0 164 0 0
355 26377 4 3 10145 7 2 26377 11 8
356 2029 0 0 2029 2 0 0 0 0
361 2029 0 0 0 0 0 0 0 0
366 17054 0 0 17054 50 11 0 0 0
369 17054 0 0 0 0 0 0 0 0
373 17054 0 0 0 0 0 0 0 0
377 25581 0 0 8527 61 9 0 0 0
381 42224 5 2 21112 11 2 2029 2 0
382 8116 0 0 2029 8 2 2029 0 0
383 12174 0 0 4058 0 0 4058 0 0
387 25581 0 0 8527 4 2 0 0 0
391 17054 0 0 0 0 0 8527 0 0
392 8527 0 0 0 0 0 8527 0 0
395 25581 0 0 17054 2195 19 8527 0 0
396 25581 0 0 17054 0 0 8527 0 0
399 8527 0 0 8527 0 0 0 0 0
400 17054 2 2 0 0 0 0 0 0
402 8527 0 0 8527 1286 154 0 0 0
403 8116 2 2 0 0 0 4058 0 0
404 25581 0 0 17054 0 0 0 0 0
406 17054 0 0 8527 0 0 0 0 0
407 25581 0 0 8527 0 0 0 0 0
410 34108 0 0 0 0 0 0 0 0
413 4734 0 0 4734 1349 205 0 0 0
414 7101 2 2 0 0 0 0 0 0
415 4734 2 2 0 0 0 0 0 0
417 4648 0 0 2324 0 0 0 0 0
420 23140 2 2 5785 1713 421 0 0 0
422 6021 0 0 2007 0 0 0 0 0
423 60317 2 2 12359 0 0 25669 0 0
427 4022 0 0 4 0 0 0 0 0
430 11346 0 0 0 0 0 0 0 0
452 12018 1 1 10015 0 0 0 0 0
461 2570 2 2 1928 0 0 0 0 0
463 8 0 0 0 0 0 0 0 0
469 6015 0 0 2005 0 0 0 0 0
520 4010 0 0 0 0 0 0 0 0
523 12080 2 2 2005 0 0 0 0 0
527 9803 0 0 3887 19 0 2029 0 0
539 3766 0 0 1883 0 0 1883 0 0
540 1883 0 0 0 0 0 1883 0 0
541 1883 2 2 0 0 0 0 0 0
546 162 0 0 0 0 0 0 0 0
557 58068 1 1 12834 0 0 0 0 0
558 600 0 0 0 0 0 0 0 0
561 19566 0 0 0 0 0 0 0 0
564 24 0 0 0 0 0 0 0 0
565 4180 1 1 18261 0 0 122 0 0
fl=/build/glibc-x07mZ9/glibc-2.24/elf/dl-minimal.c
fn=__libc_memalign
52 90 0 0 0 0 0 135 1 1
53 269 2 1 134 6 1 0 0 0
58 4 0 0 1 0 0 1 0 0
59 5 1 1 2 0 0 0 0 0
60 2 0 0 0 0 0 0 0 0
64 225 0 0 45 0 0 45 0 0
65 90 2 1 0 0 0 0 0 0
67 261 0 0 0 0 0 0 0 0
72 18 0 0 6 1 0 0 0 0
73 24 3 2 0 0 0 0 0 0
75 3 0 0 0 0 0 0 0 0
76 27 0 0 0 0 0 6 0 0
78 6 0 0 0 0 0 0 0 0
80 12 0 0 6 0 0 0 0 0
82 21 0 0 4 0 0 3 0 0
85 135 1 1 45 0 0 45 0 0
86 45 0 0 0 0 0 45 0 0
88 90 0 0 135 0 0 0 0 0
fn=__sigjmp_save
149 28 1 0 0 0 0 14 0 0
151 28 7 1 0 0 0 0 0 0
fn=calloc
101 19 0 0 0 0 0 76 0 0
105 19 0 0 0 0 0 0 0 0
108 19 1 1 0 0 0 0 0 0
109 133 4 1 0 0 0 0 0 0
112 38 0 0 0 0 0 0 0 0
113 19 0 0 76 0 0 0 0 0
fn=free
118 3 1 1 0 0 0 12 0 0
120 15 0 0 18 3 1 0 0 0
fn=malloc
93 132 0 0 0 0 0 0 0 0
fn=strsep
349 4 3 1 0 0 0 16 0 0
352 16 0 0 4 3 1 0 0 0
354 4 0 0 4 0 0 0 0 0
355 8 0 0 8 0 0 0 0 0
359 338 2 1 57 0 0 0 0 0
364 384 0 0 0 0 0 0 0 0
366 576 0 0 192 0 0 0 0 0
377 2 0 0 0 0 0 2 0 0
381 2 0 0 8 0 0 0 0 0
fl=/build/glibc-x07mZ9/glibc-2.24/elf/dl-misc.c
fn=_dl_higher_prime_number
344 4 0 0 2 2 0 0 0 0
345 2 0 0 0 0 0 0 0 0
347 20 0 0 0 0 0 0 0 0
349 52 1 1 0 0 0 0 0 0
350 37 1 0 10 4 2 0 0 0
351 5 0 0 0 0 0 0 0 0
366 6 0 0 2 0 0 0 0 0
fn=_dl_name_match_p
288 882 4 2 0 0 0 1176 3 2
289 1176 8 2 294 0 0 0 0 0
290 18 0 0 0 0 0 0 0 0
292 294 0 0 294 0 0 0 0 0
294 1172 0 0 0 0 0 0 0 0
295 1550 0 0 310 70 10 0 0 0
298 292 0 0 292 0 0 0 0 0
300 552 5 3 1104 0 0 0 0 0
301 18 0 0 72 0 0 0 0 0
fn=_dl_sysdep_read_whole_file
45 8 1 1 0 0 0 8 0 0
46 2 0 0 0 0 0 0 0 0
52 4 0 0 0 0 0 0 0 0
53 4 2 1 0 0 0 0 0 0
55 12 0 0 0 0 0 0 0 0
57 4 0 0 2 0 0 2 0 0
60 4 0 0 0 0 0 0 0 0
62 16 2 1 0 0 0 4 0 0
73 4 0 0 0 0 0 0 0 0
76 6 0 0 8 0 0 0 0 0
fl=/build/glibc-x07mZ9/glibc-2.24/elf/dl-object.c
fn=_dl_add_to_namespace_list
32 21 2 1 0 0 0 56 0 0
34 42 0 0 14 7 0 0 0 0
36 57 2 1 7 0 0 0 0 0
39 81 0 0 27 2 0 0 0 0
41 6 0 0 0 0 0 6 0 0
43 6 0 0 0 0 0 6 0 0
46 2 1 1 0 0 0 1 0 0
47 49 2 0 14 0 0 7 0 0
48 28 0 0 14 0 0 14 0 0
49 21 0 0 0 0 0 14 0 0
51 28 0 0 7 0 0 0 0 0
52 7 0 0 56 0 0 0 0 0
fn=_dl_new_object
61 42 7 1 0 0 0 63 0 0
62 28 1 1 0 0 0 0 0 0
68 56 0 0 21 4 1 0 0 0
69 28 0 0 0 0 0 0 0 0
75 42 0 0 0 0 0 7 0 0
78 14 7 1 0 0 0 0 0 0
81 7 0 0 0 0 0 7 0 0
82 21 0 0 0 0 0 7 7 7
85 7 0 0 0 0 0 7 2 2
86 7 0 0 0 0 0 0 0 0
87 35 0 0 7 0 0 7 2 2
89 14 0 0 0 0 0 7 1 1
97 35 0 0 7 0 0 7 0 0
98 35 2 1 7 5 5 7 0 0
101 28 0 0 14 0 0 0 0 0
102 14 0 0 0 0 0 7 7 7
103 7 1 1 0 0 0 7 0 0
107 14 0 0 7 0 0 7 0 0
110 76 0 0 0 0 0 0 0 0
112 32 0 0 0 0 0 16 2 2
122 14 0 0 0 0 0 7 6 6
123 14 0 0 0 0 0 7 0 0
128 56 1 1 21 0 0 0 0 0
130 18 0 0 0 0 0 6 0 0
133 16 2 1 0 0 0 0 0 0
137 18 0 0 6 0 0 0 0 0
141 32 1 1 0 0 0 0 0 0
149 1 0 0 0 0 0 1 0 0
152 14 0 0 0 0 0 7 0 0
155 14 0 0 0 0 0 0 0 0
157 24 0 0 0 0 0 0 0 0
161 12 0 0 0 0 0 0 0 0
165 12 1 0 0 0 0 0 0 0
166 18 0 0 0 0 0 0 0 0
216 96 0 0 0 0 0 0 0 0
217 300 0 0 96 0 0 0 0 0
222 18 0 0 0 0 0 6 0 0
225 6 0 0 0 0 0 6 0 0
229 27 1 1 69 0 0 0 0 0
fl=/build/glibc-x07mZ9/glibc-2.24/elf/dl-open.c
fn=_dl_find_dso_for_object
178 1 1 1 0 0 0 6 0 0
182 8 0 0 2 1 1 0 0 0
183 21 1 1 7 1 0 0 0 0
184 42 1 1 14 3 1 0 0 0
185 3 0 0 1 0 0 0 0 0
188 3 1 1 7 0 0 0 0 0
fl=/build/glibc-x07mZ9/glibc-2.24/elf/dl-reloc.c
fn=_dl_protect_relro
313 8 0 0 0 0 0 16 0 0
314 64 2 2 32 4 2 0 0 0
317 24 0 0 8 0 0 0 0 0
321 16 0 0 0 0 0 0 0 0
322 56 0 0 16 0 0 0 0 0
fn=_dl_relocate_object
149 80 2 2 8 3 2 88 0 0
156 7 0 0 0 0 0 7 0 0
159 16 0 0 0 0 0 8 0 0
160 48 0 0 0 0 0 24 0 0
164 16 0 0 0 0 0 0 0 0
165 48 0 0 16 3 1 8 0 0
171 24 0 0 8 0 0 0 0 0
177 24 0 0 8 0 0 0 0 0
178 8 1 1 8 8 4 0 0 0
179 40 0 0 0 0 0 8 0 0
181 40 1 1 16 0 0 0 0 0
188 24 0 0 8 1 0 0 0 0
193 43 2 2 9 1 1 1 0 0
194 34 1 1 9 4 4 0 0 0
198 2 1 1 0 0 0 0 0 0
199 11 0 0 4 1 0 1 0 0
200 2 0 0 0 0 0 0 0 0
201 1 0 0 0 0 0 1 0 0
202 2 0 0 1 0 0 0 0 0
204 13 1 1 0 0 0 1 0 0
212 7 1 1 1 0 0 1 0 0
213 7 0 0 3 0 0 0 0 0
223 3 0 0 1 0 0 2 0 0
232 24 1 1 16 3 0 8 0 0
259 626 8 8 200 21 10 85 0 0
262 32 0 0 8 0 0 0 0 0
286 24 0 0 8 0 0 8 0 0
289 26 0 0 8 0 0 0 0 0
291 4 1 1 3 0 0 0 0 0
293 40 2 2 32 0 0 0 0 0
298 8 1 1 4 1 1 0 0 0
301 1 0 0 1 0 0 0 0 0
306 24 0 0 8 1 0 0 0 0
307 16 0 0 0 0 0 0 0 0
308 16 0 0 72 6 1 0 0 0
fl=/build/glibc-x07mZ9/glibc-2.24/elf/dl-runtime.c
fn=_dl_fixup
66 54 2 2 0 0 0 108 1 1
68 18 0 0 18 3 2 0 0 0
69 36 0 0 36 0 0 0 0 0
72 54 0 0 36 14 11 0 0 0
73 90 2 2 36 7 3 18 0 0
74 36 0 0 36 17 9 0 0 0
79 54 0 0 0 0 0 0 0 0
83 54 0 0 18 18 15 0 0 0
87 54 0 0 18 10 8 0 0 0
91 51 0 0 34 26 15 0 0 0
92 68 1 1 17 2 2 0 0 0
93 17 0 0 17 12 8 0 0 0
94 34 0 0 0 0 0 0 0 0
100 18 0 0 0 0 0 0 0 0
101 90 0 0 18 3 2 0 0 0
111 234 1 1 36 9 6 72 1 1
115 54 0 0 18 0 0 0 0 0
125 162 2 2 54 0 0 0 0 0
141 72 0 0 18 0 0 0 0 0
145 72 0 0 36 5 3 0 0 0
149 54 0 0 108 0 0 0 0 0
fl=/build/glibc-x07mZ9/glibc-2.24/elf/dl-tls.c
fn=_dl_add_to_slotinfo
890 4 0 0 0 0 0 12 0 0
896 4 0 0 2 0 0 0 0 0
899 6 1 1 4 4 2 0 0 0
904 6 1 1 2 1 1 0 0 0
945 2 0 0 0 0 0 2 0 0
946 12 0 0 4 0 0 2 0 0
947 2 0 0 12 0 0 0 0 0
fn=_dl_allocate_tls_init
449 2 2 2 0 0 0 9 0 0
450 3 0 0 0 0 0 1 0 0
454 1 0 0 1 1 1 0 0 0
456 1 0 0 0 0 0 1 0 0
457 1 0 0 0 0 0 0 0 0
460 6 0 0 3 2 2 0 0 0
472 6 1 1 3 0 0 1 0 0
477 15 1 1 5 0 0 0 0 0
483 25 0 0 5 0 0 2 0 0
486 2 1 1 2 0 0 0 0 0
487 4 0 0 0 0 0 0 0 0
493 10 1 1 5 1 1 0 0 0
494 4 0 0 0 0 0 0 0 0
496 11 0 0 2 1 1 2 0 0
497 4 0 0 0 0 0 2 0 0
499 4 0 0 0 0 0 0 0 0
500 4 0 0 2 0 0 0 0 0
503 4 0 0 0 0 0 0 0 0
504 10 1 1 4 0 0 2 0 0
515 18 0 0 10 0 0 0 0 0
529 1 1 1 0 0 0 1 0 0
532 3 0 0 10 0 0 0 0 0
fn=_dl_allocate_tls_storage
354 1 1 1 0 0 0 4 0 0
356 3 1 1 2 1 1 0 0 0
362 4 0 0 1 0 0 0 0 0
363 2 0 0 0 0 0 0 0 0
367 2 0 0 0 0 0 0 0 0
368 2 0 0 0 0 0 0 0 0
381 3 0 0 1 0 0 0 0 0
386 4 1 0 1 0 0 0 0 0
390 2 0 0 0 0 0 0 0 0
391 2 0 0 0 0 0 0 0 0
396 2 0 0 4 0 0 0 0 0
fn=_dl_count_modids
115 5 2 2 2 1 1 0 0 0
116 2 0 0 1 0 0 0 0 0
fn=_dl_determine_tlsoffset
138 2 0 0 0 0 0 9 0 0
144 5 2 1 2 1 1 0 0 0
147 3 0 0 1 0 0 0 0 0
149 1 0 0 0 0 0 0 0 0
230 14 1 1 3 0 0 0 0 0
232 13 1 1 2 0 0 1 0 0
234 6 0 0 2 0 0 0 0 0
235 4 1 1 2 0 0 0 0 0
237 4 0 0 0 0 0 0 0 0
239 12 1 1 2 0 0 2 0 0
253 12 0 0 0 0 0 4 0 0
254 6 1 1 4 0 0 0 0 0
255 2 0 0 0 0 0 0 0 0
257 4 0 0 0 0 0 2 0 0
258 2 0 0 0 0 0 0 0 0
261 8 0 0 2 0 0 0 0 0
264 2 0 0 0 0 0 0 0 0
267 3 0 0 1 0 0 1 0 0
268 1 0 0 0 0 0 1 0 0
275 1 0 0 0 0 0 1 0 0
276 2 0 0 9 0 0 0 0 0
fn=_dl_next_tls_modid
49 2 0 0 0 0 0 4 1 0
52 14 1 1 6 2 0 0 0 0
100 6 1 1 2 0 0 2 0 0
104 2 0 0 4 0 0 0 0 0
fn=allocate_dtv
314 2 0 0 0 0 0 4 0 0
321 4 2 1 2 1 1 0 0 0
322 3 0 0 0 0 0 0 0 0
323 2 0 0 0 0 0 0 0 0
326 1 0 0 0 0 0 1 1 1
332 1 0 0 0 0 0 1 0 0
335 1 0 0 0 0 0 0 0 0
338 1 0 0 4 0 0 0 0 0
fl=/build/glibc-x07mZ9/glibc-2.24/elf/dl-version.c
fn=_dl_check_all_versions
380 1 1 1 0 0 0 6 0 0
384 29 1 1 8 0 0 0 0 0
385 16 0 0 8 1 0 0 0 0
386 74 1 1 0 0 0 0 0 0
389 2 0 0 6 0 0 0 0 0
fn=_dl_check_map_versions
56 210 1 1 36 1 1 6 0 0
57 58 0 0 58 0 0 0 0 0
58 340 1 1 0 0 0 0 0 0
174 24 1 1 0 0 0 72 0 0
183 3 0 0 1 0 0 0 0 0
189 24 1 1 8 1 0 0 0 0
190 2 1 0 0 0 0 0 0 0
191 8 0 0 8 4 0 0 0 0
193 24 0 0 8 3 0 16 0 0
194 16 0 0 8 0 0 8 0 0
196 32 0 0 0 0 0 0 0 0
199 24 1 1 12 4 0 6 0 0
203 18 0 0 6 4 4 0 0 0
206 6 0 0 0 0 0 0 0 0
218 4 0 0 0 0 0 0 0 0
220 30 0 0 20 1 1 0 0 0
228 30 0 0 10 0 0 0 0 0
233 40 0 0 20 0 0 0 0 0
237 304 1 1 132 2 1 60 0 0
244 80 0 0 16 0 0 0 0 0
247 48 1 1 16 4 4 0 0 0
252 6 0 0 0 0 0 0 0 0
256 40 0 0 20 0 0 0 0 0
261 8 0 0 0 0 0 4 0 0
270 24 2 2 8 0 0 0 0 0
273 25 0 0 15 1 0 0 0 0
276 321 0 0 84 14 14 0 0 0
279 237 0 0 79 7 7 0 0 0
283 74 0 0 0 0 0 0 0 0
287 14 1 1 0 0 0 0 0 0
292 7 1 1 0 0 0 7 0 0
293 28 0 0 0 0 0 0 0 0
294 14 0 0 0 0 0 0 0 0
302 7 0 0 0 0 0 7 0 0
305 21 0 0 14 10 0 7 1 0
307 21 0 0 7 0 0 0 0 0
310 22 0 0 12 0 0 0 0 0
314 30 0 0 10 0 0 0 0 0
317 22 1 1 22 1 0 0 0 0
319 48 0 0 0 0 0 0 0 0
321 48 0 0 16 0 0 16 9 9
322 48 0 0 0 0 0 16 0 0
323 48 0 0 16 0 0 16 0 0
324 48 1 1 16 0 0 16 0 0
327 48 0 0 16 0 0 0 0 0
332 6 0 0 0 0 0 0 0 0
335 30 0 0 10 0 0 0 0 0
345 21 0 0 7 0 0 0 0 0
348 89 0 0 10 0 0 0 0 0
352 74 0 0 74 0 0 0 0 0
354 237 1 1 79 0 0 0 0 0
358 79 0 0 79 0 0 0 0 0
359 296 0 0 74 0 0 74 18 18
360 222 0 0 74 0 0 74 0 0
361 74 0 0 0 0 0 74 0 0
364 237 0 0 79 0 0 0 0 0
374 24 0 0 72 0 0 0 0 0
fn=match_symbol
76 112 1 1 16 0 0 144 0 0
77 32 0 0 32 4 0 0 0 0
85 80 1 1 32 1 1 0 0 0
91 48 0 0 16 2 0 0 0 0
103 16 0 0 0 0 0 0 0 0
106 16 0 0 16 6 0 0 0 0
107 32 0 0 0 0 0 0 0 0
109 32 0 0 16 0 0 0 0 0
114 309 0 0 103 12 12 0 0 0
128 309 0 0 103 4 3 0 0 0
133 112 1 1 32 3 3 0 0 0
140 261 1 1 87 5 5 0 0 0
168 48 0 0 144 0 0 0 0 0
fl=/build/glibc-x07mZ9/glibc-2.24/elf/do-rel.h
fn=_dl_relocate_object
46 16 0 0 0 0 0 0 0 0
47 48 0 0 0 0 0 16 0 0
48 32 0 0 32 0 0 0 0 0
58 48 0 0 16 0 0 0 0 0
61 2908 2 2 16 0 0 0 0 0
83 50 1 1 25 4 0 25 0 0
84 25 0 0 25 0 0 0 0 0
86 66 0 0 25 0 0 0 0 0
98 144 0 0 32 1 1 16 0 0
105 36 0 0 9 0 0 0 0 0
108 36 1 1 2 0 0 0 0 0
111 4212 1 1 0 0 0 0 0 0
112 2083 0 0 2083 266 263 0 0 0
118 75 2 2 25 6 2 0 0 0
121 44 0 0 22 4 1 22 1 0
124 12921 1 1 3236 0 0 0 0 0
136 12824 0 0 6412 1334 216 0 0 0
137 6412 0 0 3206 0 0 0 0 0
138 7216 0 0 3206 2 0 0 0 0
139 12824 0 0 6412 444 400 6412 0 0
160 32 2 2 8 0 0 0 0 0
170 24 1 1 12 0 0 0 0 0
171 24 1 1 6 0 0 12 0 0
fn=_dl_start
83 2 0 0 1 0 0 1 0 0
84 3 0 0 2 0 0 0 0 0
111 38 0 0 0 0 0 0 0 0
112 18 0 0 18 3 3 0 0 0
116 5 1 1 2 1 1 0 0 0
124 30 1 1 0 0 0 0 0 0
136 18 0 0 9 1 1 0 0 0
137 18 0 0 9 0 0 0 0 0
139 18 0 0 9 0 0 0 0 0
fl=/build/glibc-x07mZ9/glibc-2.24/elf/get-dynamic-info.h
fn=_dl_map_object_from_fd
39 12 0 0 0 0 0 0 0 0
43 6 0 0 0 0 0 0 0 0
45 468 0 0 156 26 26 0 0 0
47 300 1 1 0 0 0 0 0 0
60 120 0 0 0 0 0 0 0 0
61 180 0 0 6 0 0 144 19 19
62 24 0 0 0 0 0 0 0 0
65 24 1 1 6 5 1 0 0 0
68 18 5 1 6 0 0 0 0 0
70 30 0 0 0 0 0 6 0 0
78 12 0 0 0 0 0 0 0 0
98 30 0 0 8 0 0 2 0 0
99 30 2 1 12 0 0 6 0 0
100 30 0 0 12 0 0 6 0 0
101 30 0 0 12 0 0 6 0 0
103 30 2 1 6 0 0 0 0 0
106 30 0 0 12 0 0 6 0 0
108 30 0 0 12 0 0 6 0 0
109 30 0 0 11 0 0 5 0 0
110 36 0 0 12 0 0 6 0 0
116 18 0 0 6 0 0 0 0 0
123 24 0 0 6 0 0 0 0 0
128 18 1 1 6 0 0 0 0 0
132 18 0 0 6 0 0 0 0 0
133 24 0 0 12 0 0 0 0 0
145 18 1 1 6 0 0 0 0 0
150 4 0 0 2 0 0 2 0 0
152 2 0 0 0 0 0 0 0 0
153 2 0 0 0 0 0 0 0 0
154 2 0 0 0 0 0 0 0 0
155 2 0 0 0 0 0 0 0 0
156 2 0 0 0 0 0 0 0 0
157 2 0 0 0 0 0 0 0 0
159 24 0 0 11 0 0 0 0 0
161 2 1 1 1 0 0 1 0 0
169 6 0 0 2 0 0 0 0 0
174 1 0 0 0 0 0 0 0 0
175 2 0 0 0 0 0 0 0 0
177 12 0 0 6 0 0 0 0 0
179 12 0 0 0 0 0 0 0 0
fn=_dl_start
45 57 0 0 19 3 3 0 0 0
47 36 1 1 0 0 0 0 0 0
48 22 0 0 1 0 0 13 2 2
60 20 0 0 0 0 0 0 0 0
61 16 0 0 1 0 0 4 2 2
62 4 1 1 0 0 0 0 0 0
64 4 0 0 1 0 0 0 0 0
65 4 1 1 1 0 0 0 0 0
67 4 1 1 1 0 0 0 0 0
68 3 1 1 1 0 0 0 0 0
70 7 0 0 1 0 0 1 1 1
78 2 0 0 0 0 0 0 0 0
98 7 0 0 3 0 0 1 0 0
99 7 1 1 3 0 0 1 0 0
100 7 0 0 3 0 0 1 0 0
101 7 1 1 3 0 0 1 0 0
106 7 0 0 3 0 0 1 0 0
108 7 1 1 3 0 0 1 0 0
109 7 0 0 3 0 0 1 0 0
110 7 1 1 3 1 1 1 0 0
116 5 0 0 2 0 0 0 0 0
119 3 0 0 1 0 0 0 0 0
132 5 0 0 2 0 0 0 0 0
133 4 1 1 2 0 0 0 0 0
137 5 0 0 2 0 0 0 0 0
139 5 0 0 2 0 0 0 0 0
142 5 1 1 2 0 0 0 0 0
143 3 0 0 1 0 0 0 0 0
fn=dl_main
30 1 0 0 1 0 0 0 0 0
39 2 0 0 0 0 0 0 0 0
43 1 0 0 0 0 0 0 0 0
45 81 0 0 27 4 4 0 0 0
47 52 1 1 0 0 0 0 0 0
60 14 0 0 0 0 0 0 0 0
61 29 0 0 1 0 0 25 4 4
62 4 0 0 0 0 0 0 0 0
65 4 1 1 1 0 0 0 0 0
68 3 1 1 1 0 0 0 0 0
70 5 0 0 0 0 0 1 0 0
78 3 1 1 1 0 0 0 0 0
116 3 1 1 1 0 0 0 0 0
123 4 0 0 1 0 0 0 0 0
128 3 0 0 1 0 0 0 0 0
132 3 1 1 1 0 0 0 0 0
133 4 0 0 2 0 0 0 0 0
145 3 0 0 1 0 0 0 0 0
159 3 1 1 1 0 0 0 0 0
177 2 1 1 1 0 0 0 0 0
179 2 0 0 0 0 0 0 0 0
fl=/build/glibc-x07mZ9/glibc-2.24/elf/rtld.c
fn=_dl_initial_error_catch_tsd
755 45 1 0 15 0 0 0 0 0
fn=_dl_start
393 4 0 0 0 0 0 0 0 0
394 1 0 0 0 0 0 1 0 0
395 3 0 0 1 0 0 1 1 1
396 3 0 0 1 0 0 1 0 0
397 3 1 1 1 0 0 1 0 0
408 3 0 0 1 0 0 1 0 0
414 4 0 0 2 0 0 0 0 0
430 5 1 1 2 1 1 0 0 0
444 6 1 1 1 1 1 10 1 1
485 3 0 0 1 0 0 1 0 0
488 3 0 0 1 0 0 1 1 1
499 2 0 0 0 0 0 0 0 0
504 26 2 2 9 0 0 0 0 0
506 5 1 1 2 1 1 1 0 0
531 2 0 0 9 1 1 0 0 0
fn=dl_main
810 3 1 1 2 1 0 0 0 0
814 4 0 0 3 0 0 1 0 0
823 3 0 0 1 0 0 1 0 0
828 2 0 0 0 0 0 1 0 0
881 10 1 1 1 0 0 13 1 1
890 1 0 0 0 0 0 1 0 0
896 1 0 0 0 0 0 1 0 0
900 5 1 1 2 0 0 1 0 0
903 3 1 1 1 0 0 1 1 1
907 3 0 0 1 0 0 1 0 0
908 3 0 0 1 0 0 1 0 0
913 3 0 0 1 0 0 1 0 0
923 6 2 2 3 0 0 0 0 0
1124 10 1 1 1 1 1 2 0 0
1126 2 0 0 0 0 0 0 0 0
1127 1 0 0 0 0 0 1 1 1
1128 4 1 1 1 0 0 1 0 0
1129 3 0 0 2 0 0 1 0 0
1133 2 0 0 0 0 0 0 0 0
1134 4 0 0 2 0 0 0 0 0
1155 2 0 0 0 0 0 1 0 0
1156 1 0 0 0 0 0 1 0 0
1158 2 0 0 0 0 0 1 0 0
1160 3 1 1 1 0 0 1 0 0
1163 31 0 0 1 0 0 0 0 0
1164 76 1 1 12 4 4 0 0 0
1168 3 1 1 1 0 0 1 0 0
1169 1 0 0 0 0 0 0 0 0
1173 4 0 0 2 0 0 1 0 0
1174 1 0 0 0 0 0 0 0 0
1182 5 0 0 2 0 0 2 0 0
1183 3 1 1 2 0 0 0 0 0
1185 9 1 1 2 0 0 3 0 0
1192 4 0 0 2 0 0 0 0 0
1204 2 0 0 1 0 0 0 0 0
1206 2 0 0 0 0 0 1 0 0
1210 2 1 1 0 0 0 0 0 0
1218 4 1 1 2 0 0 0 0 0
1219 15 0 0 6 0 0 3 0 0
1220 4 0 0 2 0 0 0 0 0
1221 2 0 0 0 0 0 1 0 0
1224 8 0 0 4 1 1 0 0 0
1225 2 0 0 0 0 0 0 0 0
1226 2 0 0 0 0 0 2 0 0
1227 9 1 1 2 0 0 0 0 0
1228 3 0 0 0 0 0 1 0 0
1250 5 1 1 1 0 0 1 0 0
1255 6 0 0 3 0 0 2 0 0
1256 1 1 0 0 0 0 0 0 0
1259 2 0 0 1 0 0 1 0 0
1260 2 0 0 1 1 1 1 0 0
1261 1 0 0 0 0 0 0 0 0
1266 3 2 2 1 0 0 0 0 0
1269 2 0 0 0 0 0 0 0 0
1271 1 0 0 0 0 0 0 0 0
1272 2 0 0 0 0 0 0 0 0
1273 5 1 1 2 0 0 0 0 0
1286 5 0 0 2 1 1 0 0 0
1287 10 0 0 5 0 0 0 0 0
1292 3 1 1 1 0 0 1 0 0
1294 2 0 0 0 0 0 1 0 0
1295 2 0 0 0 0 0 1 0 0
1297 3 0 0 1 0 0 0 0 0
1298 2 0 0 0 0 0 1 0 0
1302 5 1 1 2 0 0 0 0 0
1304 3 0 0 1 0 0 0 0 0
1309 2 0 0 0 0 0 0 0 0
1312 3 0 0 1 0 0 0 0 0
1328 5 2 2 1 1 1 1 0 0
1334 14 2 2 4 0 0 1 0 0
1339 4 1 1 2 0 0 0 0 0
1342 6 0 0 2 1 1 1 0 0
1344 2 1 1 0 0 0 1 0 0
1349 2 0 0 1 0 0 0 0 0
1352 3 0 0 2 0 0 1 0 0
1353 6 1 1 2 0 0 1 0 0
1354 3 0 0 0 0 0 1 0 0
1355 1 0 0 0 0 0 1 0 0
1356 3 0 0 1 0 0 1 0 0
1357 5 0 0 2 0 0 2 0 0
1362 5 0 0 2 0 0 0 0 0
1363 5 1 1 1 0 0 1 0 0
1380 5 0 0 2 1 1 0 0 0
1381 3 0 0 1 0 0 0 0 0
1383 3 1 1 1 0 0 0 0 0
1385 3 0 0 1 0 0 1 0 0
1386 3 0 0 1 0 0 1 0 0
1391 2 0 0 0 0 0 0 0 0
1392 9 0 0 2 1 1 0 0 0
1394 4 1 1 2 0 0 1 1 1
1395 2 0 0 1 1 1 1 0 0
1400 5 0 0 2 0 0 0 0 0
1405 2 0 0 0 0 0 1 0 0
1406 9 1 1 6 0 0 0 0 0
1407 2 0 0 0 0 0 0 0 0
1586 2 0 0 0 0 0 1 0 0
1594 2 0 0 1 0 0 0 0 0
1597 2 0 0 1 0 0 1 0 0
1601 4 0 0 2 0 0 0 0 0
1602 2 0 0 0 0 0 0 0 0
1606 3 0 0 1 0 0 1 0 0
1607 1 0 0 0 0 0 0 0 0
1612 5 1 1 2 0 0 0 0 0
1627 5 1 1 2 0 0 1 0 0
1628 1 0 0 0 0 0 0 0 0
1629 1 0 0 0 0 0 0 0 0
1631 5 0 0 2 0 0 0 0 0
1634 3 0 0 0 0 0 0 0 0
1647 7 1 1 1 0 0 0 0 0
1650 5 1 1 1 0 0 0 0 0
1652 2 0 0 0 0 0 0 0 0
1662 1 0 0 0 0 0 1 0 0
1663 1 0 0 1 0 0 0 0 0
1664 3 0 0 0 0 0 0 0 0
1666 5 1 1 0 0 0 0 0 0
1667 2 0 0 0 0 0 0 0 0
1673 1 1 1 1 0 0 0 0 0
1679 4 0 0 1 0 0 0 0 0
1680 9 0 0 0 0 0 0 0 0
1694 3 0 0 0 0 0 1 0 0
1699 2 1 1 0 0 0 0 0 0
1702 2 1 1 0 0 0 1 0 0
1703 12 1 1 1 1 1 0 0 0
1704 3 0 0 1 0 0 0 0 0
1705 7 1 1 1 0 0 0 0 0
1708 2 0 0 0 0 0 0 0 0
1720 5 1 1 1 0 0 0 0 0
1724 4 0 0 2 0 0 0 0 0
1728 6 2 2 0 0 0 0 0 0
1729 1 0 0 0 0 0 0 0 0
1732 4 0 0 0 0 0 2 0 0
1733 2 0 0 2 0 0 0 0 0
1734 4 0 0 0 0 0 0 0 0
1735 2 0 0 0 0 0 0 0 0
1742 10 1 1 1 0 0 1 0 0
1748 21 1 0 2 0 0 0 0 0
1749 32 0 0 16 0 0 8 0 0
1752 5 1 1 3 0 0 1 0 0
1753 4 1 1 1 0 0 0 0 0
1754 1 0 0 0 0 0 1 0 0
1756 21 1 1 0 0 0 0 0 0
1757 36 1 1 10 1 1 0 0 0
1767 3 1 1 0 0 0 1 0 0
1769 4 0 0 2 0 0 1 0 0
1770 3 0 0 1 1 0 0 0 0
1772 4 1 1 1 0 0 1 0 0
1774 3 0 0 1 0 0 0 0 0
1776 5 0 0 2 1 0 0 0 0
1777 1 0 0 1 0 0 0 0 0
1790 2 1 1 0 0 0 0 0 0
1791 5 0 0 1 0 0 1 0 0
1792 3 0 0 1 0 0 0 0 0
1803 4 0 0 1 0 0 1 0 0
1804 1 1 1 0 0 0 1 0 0
1805 7 1 1 2 0 0 0 0 0
1815 4 0 0 2 0 0 1 0 0
1816 3 0 0 1 0 0 0 0 0
1817 2 0 0 0 0 0 1 0 0
1819 3 0 0 1 0 0 0 0 0
1824 3 0 0 1 0 0 0 0 0
2054 3 1 1 1 0 0 0 0 0
2110 4 1 1 1 0 0 1 0 0
2114 5 1 1 3 1 1 2 0 0
2118 2 0 0 1 0 0 1 0 0
2121 3 0 0 1 0 0 0 0 0
2175 5 1 1 2 1 1 0 0 0
2182 3 0 0 1 0 0 1 0 0
2185 1 1 1 1 0 0 0 0 0
2186 19 5 2 0 0 0 0 0 0
2188 16 0 0 16 5 1 0 0 0
2193 16 0 0 16 1 0 0 0 0
2195 18 0 0 0 0 0 0 0 0
2197 2 0 0 0 0 0 1 0 0
2198 1 0 0 1 0 0 0 0 0
2201 24 0 0 8 0 0 8 0 0
2203 21 1 1 1 0 0 0 0 0
2204 51 0 0 15 7 4 0 0 0
2208 52 1 1 13 4 1 1 0 0
2209 6 2 1 0 0 0 0 0 0
2219 5 0 0 2 1 1 0 0 0
2224 8 2 2 3 2 1 0 0 0
2226 5 0 0 2 0 0 1 0 0
2231 3 0 0 1 0 0 0 0 0
2234 5 0 0 2 0 0 0 0 0
2243 8 1 1 4 1 1 0 0 0
2245 4 0 0 1 0 0 0 0 0
2262 3 1 1 1 0 0 1 0 0
2263 6 0 0 1 0 0 0 0 0
2274 1 0 0 0 0 0 0 0 0
2278 5 0 0 2 1 1 0 0 0
2298 3 0 0 0 0 0 0 0 0
2299 2 1 1 0 0 0 1 0 0
2300 1 0 0 0 0 0 0 0 0
2305 1 0 0 0 0 0 0 0 0
2310 2 0 0 9 1 1 0 0 0
2476 4 0 0 2 0 0 1 1 1
2478 1 0 0 0 0 0 1 0 0
2479 1 0 0 0 0 0 0 0 0
2483 13 1 1 4 1 1 2 0 0
2485 12 0 0 3 0 0 0 0 0
2489 88 1 1 21 1 1 0 0 0
2490 19 0 0 0 0 0 0 0 0
2492 4 0 0 0 0 0 0 0 0
2498 8 1 1 0 0 0 0 0 0
2519 7 2 2 1 1 1 0 0 0
2526 7 1 1 1 0 0 0 0 0
2528 5 1 1 1 0 0 1 0 0
2573 5 1 1 2 1 1 0 0 0
2574 7 0 0 1 0 0 0 0 0
2576 5 1 1 1 1 1 1 0 0
2608 3 1 1 1 0 0 1 0 0
2609 3 0 0 1 1 1 1 0 0
2611 3 0 0 1 0 0 1 1 1
2616 3 0 0 1 0 0 1 0 0
2619 2 0 0 1 0 0 0 0 0
2627 3 0 0 1 0 0 1 0 0
2646 5 1 1 2 0 0 0 0 0
2676 6 0 0 2 0 0 0 0 0
fn=do_preload
761 8 1 1 0 0 0 12 0 0
763 4 0 0 0 0 0 2 0 0
767 2 0 0 0 0 0 2 0 0
768 2 0 0 0 0 0 2 0 0
769 4 0 0 0 0 0 2 0 0
771 6 0 0 4 1 1 0 0 0
773 16 1 1 2 0 0 2 0 0
774 6 0 0 2 0 0 0 0 0
782 6 0 0 2 0 0 0 0 0
788 4 0 0 12 0 0 0 0 0
fn=dso_name_valid_for_suid
120 2 0 0 0 0 0 2 0 0
121 5 1 1 2 1 1 0 0 0
129 4 1 0 3 0 0 0 0 0
fn=handle_ld_preload
848 5 1 1 0 0 0 9 0 0
849 1 0 0 0 0 0 0 0 0
853 6 0 0 2 0 0 0 0 0
856 8 0 0 1 1 0 0 0 0
857 4 0 0 1 0 0 0 0 0
859 4 2 1 0 0 0 0 0 0
860 2 0 0 0 0 0 1 0 0
863 3 1 1 0 0 0 0 0 0
867 2 0 0 1 0 0 0 0 0
868 1 0 0 0 0 0 0 0 0
870 4 0 0 0 0 0 0 0 0
871 9 0 0 2 0 0 1 1 1
874 4 0 0 9 0 0 0 0 0
fn=init_tls
680 1 1 0 0 0 0 6 0 0
682 4 0 0 2 1 1 1 0 0
686 3 1 1 1 0 0 0 0 0
687 1 0 0 0 0 0 0 0 0
692 1 0 0 0 0 0 0 0 0
695 1 0 0 0 0 0 1 0 0
696 4 0 0 0 0 0 0 0 0
701 1 0 0 0 0 0 0 0 0
702 1 0 0 0 0 0 2 0 0
707 3 0 0 1 1 1 0 0 0
709 19 1 1 1 0 0 0 0 0
710 16 0 0 8 0 0 0 0 0
711 16 0 0 8 4 0 0 0 0
715 24 0 0 0 0 0 2 0 0
719 2 0 0 0 0 0 0 0 0
722 1 1 1 0 0 0 0 0 0
729 1 0 0 0 0 0 0 0 0
730 2 0 0 0 0 0 0 0 0
736 4 1 1 2 0 0 1 0 0
739 4 0 0 1 0 0 0 0 0
742 4 1 1 1 0 0 1 0 0
745 2 0 0 6 0 0 0 0 0
fn=map_doit
587 6 1 0 0 0 0 4 0 0
589 2 0 0 2 0 0 0 0 0
590 18 1 1 4 0 0 6 0 0
592 4 0 0 4 0 0 0 0 0
fn=rtld_lock_default_lock_recursive
795 524 6 1 131 5 3 131 0 0
fn=rtld_lock_default_unlock_recursive
801 524 0 0 131 1 0 131 0 0
fn=version_check_doit
620 2 0 0 0 0 0 2 0 0
622 8 1 1 5 1 0 0 0 0
fl=/build/glibc-x07mZ9/glibc-2.24/elf/setup-vdso.h
fn=dl_main
24 5 1 1 2 0 0 0 0 0
fl=/build/glibc-x07mZ9/glibc-2.24/io/../sysdeps/unix/syscall-template.S
fn=access
84 30 5 1 6 0 0 6 0 0
85 11 0 0 0 0 0 0 0 0
86 25 1 1 5 1 0 5 0 0
fn=close
84 40 1 1 8 0 0 8 0 0
85 8 0 0 0 0 0 0 0 0
fn=lseek
84 60 5 1 12 0 0 12 6 6
85 12 0 0 0 0 0 0 0 0
fn=open
84 135 3 1 27 0 0 27 1 1
85 46 0 0 0 0 0 0 0 0
86 95 0 0 19 1 0 19 0 0
fn=read
84 90 1 1 18 0 0 18 0 0
85 18 0 0 0 0 0 0 0 0
fn=write
84 20 1 1 6 1 1 2 0 0
fl=/build/glibc-x07mZ9/glibc-2.24/io/../sysdeps/unix/sysv/linux/fxstat64.c
fn=__fxstat64
33 9 2 2 0 0 0 10 2 2
35 55 1 1 0 0 0 0 0 0
41 18 0 0 10 0 0 0 0 0
fl=/build/glibc-x07mZ9/glibc-2.24/io/../sysdeps/unix/sysv/linux/xstat64.c
fn=__xstat64
33 16 1 1 0 0 0 16 0 0
35 171 0 0 15 1 0 15 0 0
41 32 0 0 16 0 0 0 0 0
fl=/build/glibc-x07mZ9/glibc-2.24/libio/../string/string.h
fn=_IO_file_xsputn@@GLIBC_2.4
650 4 0 0 0 0 0 0 0 0
fl=/build/glibc-x07mZ9/glibc-2.24/libio/../sysdeps/unix/sysv/linux/sys/sysmacros.h
fn=_IO_file_doallocate
41 4 0 0 0 0 0 0 0 0
fl=/build/glibc-x07mZ9/glibc-2.24/libio/filedoalloc.c
fn=_IO_file_doallocate
78 3 0 0 0 0 0 4 0 0
84 10 1 1 3 0 0 0 0 0
86 4 0 0 1 1 1 0 0 0
89 2 0 0 0 0 0 0 0 0
91 3 1 1 2 0 0 0 0 0
94 3 1 1 1 0 0 1 0 0
97 3 0 0 1 0 0 0 0 0
101 2 1 1 0 0 0 0 0 0
102 2 0 0 0 0 0 0 0 0
104 4 0 0 0 0 0 0 0 0
105 1 0 0 0 0 0 0 0 0
106 2 0 0 4 0 0 0 0 0
fl=/build/glibc-x07mZ9/glibc-2.24/libio/fileops.c
fn=_IO_do_write@@GLIBC_2.4
500 4 0 0 0 0 0 4 0 0
502 16 2 2 4 0 0 0 0 0
fn=_IO_file_overflow@@GLIBC_2.4
815 14 0 0 0 0 0 56 0 0
816 42 1 1 14 0 0 0 0 0
823 108 0 0 26 0 0 0 0 0
826 3 1 1 1 0 0 0 0 0
828 2 1 1 0 0 0 0 0 0
829 6 0 0 2 0 0 3 0 0
838 2 0 0 0 0 0 0 0 0
847 2 0 0 1 0 0 0 0 0
848 4 1 1 1 0 0 0 0 0
849 1 0 0 0 0 0 1 0 0
850 1 0 0 0 0 0 1 0 0
851 1 0 0 0 0 0 1 0 0
852 2 0 0 0 0 0 2 0 0
854 2 0 0 0 0 0 1 0 0
855 6 0 0 2 1 1 0 0 0
856 2 0 0 0 0 0 1 0 0
858 28 1 1 0 0 0 0 0 0
859 8 2 1 2 0 0 0 0 0
861 36 0 0 12 0 0 0 0 0
864 36 0 0 0 0 0 24 0 0
865 36 0 0 12 0 0 0 0 0
866 72 0 0 0 0 0 0 0 0
867 7 1 1 1 0 0 0 0 0
868 1 0 0 1 0 0 0 0 0
871 26 0 0 56 0 0 0 0 0
fn=_IO_file_setbuf@@GLIBC_2.4
458 2 1 1 0 0 0 2 0 0
459 3 0 0 0 0 0 0 0 0
462 2 0 0 0 0 0 2 0 0
463 2 0 0 1 0 0 1 0 0
464 3 0 0 0 0 0 3 0 0
466 1 0 0 0 0 0 0 0 0
467 1 1 1 2 0 0 0 0 0
fn=_IO_file_stat
1238 4 1 1 1 0 0 0 0 0
fn=_IO_file_sync@@GLIBC_2.4
876 3 0 0 0 0 0 4 0 0
881 4 1 1 2 0 0 0 0 0
883 1 1 1 2 0 0 0 0 0
884 2 1 1 0 0 0 0 0 0
901 4 1 1 0 0 0 2 0 0
905 2 0 0 4 0 0 0 0 0
fn=_IO_file_write@@GLIBC_2.4
1264 4 0 0 0 0 0 16 0 0
1266 12 0 0 0 0 0 0 0 0
1268 2 0 0 2 0 0 0 0 0
1270 6 1 1 2 0 0 0 0 0
1271 10 0 0 0 0 0 0 0 0
1272 4 0 0 0 0 0 0 0 0
1277 2 0 0 0 0 0 0 0 0
1278 2 0 0 0 0 0 0 0 0
1281 8 1 1 20 0 0 0 0 0
1284 4 1 1 0 0 0 0 0 0
fn=_IO_file_xsputn@@GLIBC_2.4
1288 2 2 1 0 0 0 16 0 0
1294 4 0 0 0 0 0 0 0 0
1301 12 2 1 2 0 0 0 0 0
1303 3 1 1 2 0 0 0 0 0
1304 2 0 0 0 0 0 0 0 0
1307 3 0 0 0 0 0 0 0 0
1309 4 0 0 1 0 0 0 0 0
1311 1 0 0 0 0 0 0 0 0
1318 4 0 0 2 0 0 0 0 0
1319 1 0 0 0 0 0 0 0 0
1322 9 1 1 0 0 0 0 0 0
1327 1 0 0 0 0 0 1 0 0
1332 1 0 0 0 0 0 0 0 0
1333 1 0 0 0 0 0 0 0 0
1335 2 0 0 0 0 0 0 0 0
1339 14 0 0 4 1 1 0 0 0
1345 6 0 0 4 0 0 0 0 0
1346 10 1 1 0 0 0 0 0 0
1348 4 0 0 0 0 0 0 0 0
1359 4 0 0 0 0 0 0 0 0
1360 6 0 0 0 0 0 0 0 0
1362 4 1 1 16 0 0 0 0 0
fn=new_do_write
509 10 0 0 0 0 0 14 0 0
511 6 1 1 2 0 0 0 0 0
518 8 1 1 4 0 0 0 0 0
526 12 1 1 4 0 0 0 0 0
527 10 1 1 2 0 0 0 0 0
529 8 0 0 2 0 0 6 0 0
530 4 0 0 0 0 0 4 0 0
531 2 0 0 0 0 0 2 0 0
532 22 2 2 8 1 1 0 0 0
533 6 0 0 2 0 0 0 0 0
535 6 0 0 14 0 0 0 0 0
fl=/build/glibc-x07mZ9/glibc-2.24/libio/genops.c
fn=_IO_cleanup
894 13 0 0 5 1 1 0 0 0
896 9 0 0 3 0 0 0 0 0
898 6 0 0 2 0 0 0 0 0
904 35 1 1 6 0 0 6 0 0
912 8 2 2 3 0 0 0 0 0
914 2 0 0 0 0 0 1 0 0
916 2 0 0 1 0 0 1 0 0
917 1 0 0 0 0 0 1 0 0
918 2 0 0 1 0 0 1 0 0
921 6 0 0 2 0 0 0 0 0
923 3 0 0 1 0 0 0 0 0
927 5 1 1 1 0 0 0 0 0
928 13 0 0 2 0 0 3 0 0
934 6 1 1 0 0 0 3 0 0
954 2 1 1 0 0 0 9 0 0
957 3 0 0 0 0 0 0 0 0
969 3 0 0 9 0 0 0 0 0
fn=_IO_default_setbuf
381 5 0 0 1 0 0 0 0 0
383 1 0 0 0 0 0 1 0 0
384 2 0 0 0 0 0 1 0 0
388 2 0 0 0 0 0 1 0 0
522 4 1 1 0 0 0 6 0 0
523 6 1 1 2 0 0 0 0 0
525 3 0 0 0 0 0 0 0 0
527 4 2 2 1 0 0 1 0 0
528 1 0 0 0 0 0 0 0 0
535 4 0 0 0 0 0 3 0 0
536 3 0 0 0 0 0 3 0 0
537 2 0 0 6 0 0 0 0 0
fn=_IO_default_xsputn
422 1 1 1 0 0 0 8 0 0
425 2 0 0 0 0 0 0 0 0
430 8 1 1 4 0 0 0 0 0
455 12 2 2 3 0 0 0 0 0
457 2 0 0 0 0 0 0 0 0
459 2 0 0 8 0 0 0 0 0
fn=_IO_doallocbuf
394 1 0 0 0 0 0 4 1 1
395 3 1 1 1 0 0 0 0 0
397 4 1 1 1 0 0 0 0 0
398 6 1 1 6 0 0 0 0 0
fn=_IO_flush_all_lockp
766 5 2 2 1 1 1 10 0 0
772 4 0 0 0 0 0 1 0 0
777 3 1 1 2 1 0 0 0 0
778 3 1 1 2 2 2 0 0 0
779 8 0 0 0 0 0 0 0 0
781 5 1 1 1 0 0 3 0 0
782 6 0 0 0 0 0 0 0 0
785 24 1 1 9 4 4 0 0 0
795 6 2 2 0 0 0 0 0 0
797 7 0 0 0 0 0 3 0 0
799 9 1 1 3 0 0 0 0 0
802 5 0 0 1 0 0 0 0 0
806 3 0 0 3 0 0 0 0 0
810 2 0 0 0 0 0 0 0 0
812 3 0 0 1 0 0 0 0 0
816 3 0 0 9 0 0 0 0 0
fn=_IO_setb
380 5 1 1 0 0 0 6 0 0
381 4 0 0 2 0 0 0 0 0
383 1 0 0 0 0 0 1 0 0
384 1 0 0 0 0 0 1 0 0
385 1 0 0 0 0 0 0 0 0
386 1 0 0 0 0 0 0 0 0
388 3 0 0 6 0 0 1 0 0
fn=__overflow
228 22 0 0 0 0 0 22 0 0
230 22 1 1 11 0 0 0 0 0
231 22 0 0 0 0 0 0 0 0
232 33 0 0 22 0 0 0 0 0
233 22 0 0 22 0 0 0 0 0
fl=/build/glibc-x07mZ9/glibc-2.24/libio/libioP.h
fn=_IO_cleanup
936 5 0 0 2 0 0 0 0 0
938 1 0 0 0 0 0 0 0 0
939 2 1 1 0 0 0 0 0 0
fn=_IO_default_setbuf
936 5 0 0 2 1 1 0 0 0
938 1 0 0 0 0 0 0 0 0
939 2 0 0 0 0 0 0 0 0
fn=_IO_default_xsputn
936 8 0 0 2 1 1 0 0 0
938 1 0 0 0 0 0 0 0 0
939 2 0 0 0 0 0 0 0 0
fn=_IO_doallocbuf
936 5 0 0 2 1 1 0 0 0
938 1 0 0 0 0 0 0 0 0
939 2 0 0 0 0 0 0 0 0
fn=_IO_file_doallocate
936 5 1 1 2 1 1 0 0 0
938 1 0 0 0 0 0 0 0 0
939 2 0 0 0 0 0 0 0 0
fn=_IO_file_xsputn@@GLIBC_2.4
936 10 0 0 4 1 1 0 0 0
938 2 1 1 0 0 0 0 0 0
939 4 0 0 0 0 0 0 0 0
fn=_IO_flush_all_lockp
936 8 1 1 2 0 0 2 0 0
fn=__overflow
936 55 1 1 22 1 1 0 0 0
938 11 0 0 0 0 0 0 0 0
939 22 0 0 0 0 0 0 0 0
fn=new_do_write
938 2 0 0 0 0 0 0 0 0
939 4 0 0 0 0 0 0 0 0
fl=/build/glibc-x07mZ9/glibc-2.24/malloc/arena.c
fn=malloc_hook_ini
257 5 0 0 2 1 1 0 0 0
fn=ptmalloc_init.part.6
218 72 0 0 24 2 1 0 0 0
220 69 0 0 23 10 9 0 0 0
221 3 0 0 1 0 0 0 0 0
222 3 1 1 1 0 0 0 0 0
255 4 1 1 1 0 0 9 0 0
260 4 0 0 1 0 0 1 0 0
268 5 1 1 2 2 1 0 0 0
269 7 1 1 1 1 1 0 0 0
270 5 0 0 2 0 0 0 0 0
274 6 0 0 3 2 0 1 1 0
276 6 1 1 3 2 0 0 0 0
284 2 0 0 1 0 0 0 0 0
310 3 0 0 1 0 0 1 0 0
312 3 1 1 1 0 0 1 0 0
319 2 0 0 1 0 0 0 0 0
326 2 0 0 1 0 0 0 0 0
328 2 0 0 1 0 0 0 0 0
337 2 1 1 0 0 0 0 0 0
344 3 0 0 3 2 1 0 0 0
345 2 0 0 0 0 0 0 0 0
348 4 1 1 1 0 0 1 1 0
349 2 0 0 9 1 0 0 0 0
fn=sysmalloc
485 2 0 0 0 0 0 1 0 0
fl=/build/glibc-x07mZ9/glibc-2.24/malloc/hooks.c
fn=malloc_hook_ini
29 7 1 1 2 1 1 2 0 0
30 4 1 0 2 0 0 1 0 0
32 1 0 0 0 0 0 0 0 0
33 2 0 0 1 0 0 0 0 0
fl=/build/glibc-x07mZ9/glibc-2.24/malloc/malloc.c
fn=_int_malloc
1890 10 2 2 4 2 2 0 0 0
3357 4 1 1 0 0 0 18 0 0
3387 12 1 1 0 0 0 0 0 0
3391 8 0 0 0 0 0 2 0 0
3405 10 0 0 4 3 3 0 0 0
3407 2 0 0 0 0 0 0 0 0
3442 4 1 1 0 0 0 0 0 0
3486 34 6 6 0 0 0 12 0 0
3487 6 0 0 2 0 0 0 0 0
3488 3 1 1 0 0 0 0 0 0
3507 10 1 1 4 3 3 0 0 0
3512 12 0 0 4 0 0 2 0 0
3524 2 0 0 2 0 0 0 0 0
3527 4 0 0 0 0 0 2 0 0
3641 4 2 2 0 0 0 0 0 0
3643 10 0 0 2 0 0 0 0 0
3646 6 0 0 2 1 1 0 0 0
3714 4 0 0 2 0 0 0 0 0
3715 4 0 0 0 0 0 0 0 0
3716 2 0 0 0 0 0 0 0 0
3717 4 0 0 2 0 0 0 0 0
3718 6 1 1 0 0 0 0 0 0
3723 18 0 0 0 0 0 0 0 0
3727 9 1 1 0 0 0 0 0 0
3730 3 0 0 1 0 0 0 0 0
3830 2 0 0 2 0 0 0 0 0
3831 4 0 0 2 1 1 0 0 0
3833 6 0 0 2 0 0 0 0 0
3835 1 0 0 0 0 0 0 0 0
3836 1 0 0 0 0 0 0 0 0
3837 1 0 0 0 0 0 1 0 0
3838 8 0 0 1 0 0 1 0 0
3840 2 0 0 0 0 0 1 1 1
3843 1 0 0 0 0 0 0 0 0
3850 3 0 0 1 0 0 0 0 0
3857 34 3 3 10 0 0 12 0 0
3865 3 1 1 0 0 0 0 0 0
3866 2 0 0 0 0 0 0 0 0
3871 6 0 0 18 0 0 0 0 0
fn=malloc
2917 12 1 1 3 3 2 12 0 0
2922 9 0 0 9 5 3 0 0 0
2923 6 0 0 0 0 0 0 0 0
2924 3 2 2 0 0 0 0 0 0
2926 52 1 1 12 2 2 6 0 0
2928 6 0 0 0 0 0 0 0 0
2931 4 0 0 0 0 0 0 0 0
2939 16 1 1 2 0 0 2 0 0
2941 24 3 3 4 0 0 0 0 0
2944 9 0 0 12 0 0 0 0 0
fn=malloc_consolidate
4160 2 0 0 0 0 0 9 1 0
4182 5 1 1 2 1 1 0 0 0
4252 1 1 1 0 0 0 0 0 0
4255 2 0 0 9 0 0 0 0 0
fn=malloc_init_state
1806 4 1 1 0 0 0 0 0 0
1811 254 0 0 0 0 0 0 0 0
1814 381 0 0 0 0 0 254 16 16
1818 4 0 0 1 1 1 0 0 0
1822 6 1 0 2 0 0 1 0 0
1823 2 0 0 0 0 0 1 0 0
1825 1 0 0 0 0 0 1 0 0
1826 1 0 0 0 0 0 0 0 0
fn=sysmalloc
2279 5 1 1 1 1 1 9 0 0
2299 3 1 1 3 2 0 0 0 0
2310 2 0 0 0 0 0 0 0 0
2311 5 0 0 2 1 1 0 0 0
2326 5 1 1 0 0 0 1 0 0
2332 2 1 1 0 0 0 1 0 0
2392 1 0 0 1 0 0 0 0 0
2393 2 0 0 1 0 0 0 0 0
2394 1 0 0 0 0 0 0 0 0
2403 6 0 0 1 0 0 0 0 0
2409 3 1 1 0 0 0 0 0 0
2412 6 0 0 2 0 0 1 0 0
2427 5 0 0 1 0 0 3 0 0
2465 7 2 2 3 0 0 1 0 0
2473 4 0 0 1 0 0 0 0 0
2474 1 0 0 0 0 0 0 0 0
2484 6 0 0 0 0 0 3 0 0
2492 2 0 0 0 0 0 0 0 0
2494 5 1 1 3 0 0 0 0 0
2498 2 0 0 0 0 0 0 0 0
2501 3 0 0 3 1 1 0 0 0
2502 3 0 0 0 0 0 0 0 0
2548 4 0 0 2 0 0 0 0 0
2549 1 0 0 0 0 0 1 0 0
2550 6 1 1 3 0 0 1 0 0
2556 5 0 0 0 0 0 0 0 0
2559 8 2 2 1 0 0 0 0 0
2596 1 0 0 0 0 0 0 0 0
2597 3 0 0 0 0 0 0 0 0
2602 1 0 0 0 0 0 0 0 0
2612 1 0 0 0 0 0 0 0 0
2613 1 0 0 0 0 0 0 0 0
2621 1 0 0 0 0 0 0 0 0
2624 3 0 0 1 0 0 0 0 0
2625 8 1 1 2 0 0 0 0 0
2627 2 0 0 0 0 0 0 0 0
2628 6 0 0 3 0 0 1 0 0
2640 2 0 0 0 0 0 0 0 0
2648 3 1 1 3 0 0 0 0 0
2649 6 0 0 2 0 0 0 0 0
2687 3 0 0 1 0 0 1 0 0
2688 4 0 0 0 0 0 1 1 1
2689 2 1 1 0 0 0 1 0 0
2700 2 0 0 0 0 0 0 0 0
2723 2 0 0 0 0 0 0 0 0
2733 2 1 1 1 0 0 0 0 0
2734 1 0 0 0 0 0 1 0 0
2739 2 0 0 1 0 0 0 0 0
2742 3 0 0 1 0 0 0 0 0
2744 1 0 0 0 0 0 0 0 0
2745 1 0 0 0 0 0 0 0 0
2746 1 0 0 0 0 0 1 0 0
2747 8 0 0 1 0 0 1 0 0
2748 2 0 0 0 0 0 1 1 1
2750 1 1 1 0 0 0 0 0 0
2756 3 0 0 9 0 0 0 0 0
fl=/build/glibc-x07mZ9/glibc-2.24/malloc/morecore.c
fn=__default_morecore
46 2 1 1 0 0 0 4 1 0
47 2 0 0 0 0 0 0 0 0
52 6 0 0 4 0 0 0 0 0
fl=/build/glibc-x07mZ9/glibc-2.24/misc/../sysdeps/unix/syscall-template.S
fn=mprotect
84 80 6 1 16 0 0 16 0 0
85 16 0 0 0 0 0 0 0 0
fn=munmap
84 10 2 2 2 0 0 2 0 0
85 2 0 0 0 0 0 0 0 0
fl=/build/glibc-x07mZ9/glibc-2.24/misc/../sysdeps/unix/sysv/linux/arm/brk.c
fn=brk
28 8 1 1 2 1 0 6 0 0
31 14 1 1 4 0 0 2 0 0
33 4 0 0 0 0 0 0 0 0
39 2 0 0 0 0 0 0 0 0
40 4 0 0 6 0 0 0 0 0
fl=/build/glibc-x07mZ9/glibc-2.24/misc/../sysdeps/unix/sysv/linux/generic/wordsize-32/mmap.c
fn=mmap
30 38 1 1 19 0 0 57 0 0
31 76 0 0 0 0 0 0 0 0
36 133 1 1 19 0 0 0 0 0
38 38 0 0 57 0 0 0 0 0
fl=/build/glibc-x07mZ9/glibc-2.24/misc/init-misc.c
fn=__init_misc
30 3 1 1 1 1 1 4 0 0
31 5 0 0 1 0 0 0 0 0
33 3 0 0 0 0 0 0 0 0
34 1 0 0 0 0 0 0 0 0
35 3 1 0 1 0 0 0 0 0
37 3 0 0 1 1 1 1 1 1
38 5 0 0 7 0 0 1 0 0
fl=/build/glibc-x07mZ9/glibc-2.24/misc/sbrk.c
fn=sbrk
34 8 1 1 2 1 1 8 0 0
42 15 1 1 8 1 0 0 0 0
43 5 2 2 1 0 0 0 0 0
46 4 0 0 0 0 0 0 0 0
50 6 0 0 0 0 0 0 0 0
58 4 0 0 0 0 0 0 0 0
62 4 0 0 8 0 0 0 0 0
fl=/build/glibc-x07mZ9/glibc-2.24/nptl/unregister-atfork.c
fn=__unregister_atfork
28 15 0 0 0 0 0 45 0 0
36 10 1 1 10 1 1 0 0 0
39 10 0 0 0 0 0 0 0 0
121 10 1 1 45 0 0 0 0 0
fl=/build/glibc-x07mZ9/glibc-2.24/posix/../sysdeps/unix/syscall-template.S
fn=uname
84 5 1 1 1 0 0 1 1 1
85 1 0 0 0 0 0 0 0 0
fl=/build/glibc-x07mZ9/glibc-2.24/posix/../sysdeps/unix/sysv/linux/_exit.c
fn=_Exit
27 2 1 1 0 0 0 2 0 0
31 2 0 0 0 0 0 0 0 0
fl=/build/glibc-x07mZ9/glibc-2.24/setjmp/../sysdeps/arm/bsd-_setjmp.S
fn=_setjmp
26 1 1 1 0 0 0 0 0 0
27 1 0 0 0 0 0 0 0 0
fl=/build/glibc-x07mZ9/glibc-2.24/setjmp/../sysdeps/arm/setjmp.S
fn=__sigsetjmp
27 33 3 3 32 3 2 0 0 0
29 15 0 0 0 0 0 0 0 0
37 15 0 0 0 0 0 0 0 0
38 15 0 0 0 0 0 0 0 0
39 15 0 0 0 0 0 15 0 0
41 15 0 0 0 0 0 0 0 0
42 15 0 0 0 0 0 15 0 0
51 15 0 0 0 0 0 120 0 0
61 28 0 0 28 1 0 0 0 0
66 5 0 0 4 0 0 0 0 0
83 15 0 0 0 0 0 120 3 2
88 15 1 0 0 0 0 0 0 0
89 15 0 0 0 0 0 0 0 0
109 15 1 0 0 0 0 0 0 0
fl=/build/glibc-x07mZ9/glibc-2.24/setjmp/sigjmp.c
fn=__sigjmp_save
28 2 0 0 0 0 0 2 0 0
29 3 0 0 0 0 0 1 0 0
34 2 0 0 2 0 0 0 0 0
fl=/build/glibc-x07mZ9/glibc-2.24/stdio-common/../include/../locale/localeinfo.h
fn=__printf_fp_l
309 3 0 0 2 2 2 1 0 0
324 5 0 0 1 1 1 1 0 0
fl=/build/glibc-x07mZ9/glibc-2.24/stdio-common/../include/rounding-mode.h
fn=__printf_fp_l
46 5 1 1 0 0 0 0 0 0
52 2 0 0 0 0 0 0 0 0
fl=/build/glibc-x07mZ9/glibc-2.24/stdio-common/../libio/libioP.h
fn=vfprintf
936 6 0 0 2 0 0 1 0 0
938 2 1 1 0 0 0 0 0 0
939 5 0 0 1 0 0 0 0 0
fl=/build/glibc-x07mZ9/glibc-2.24/stdio-common/../string/string.h
fn=__printf_fp_l
650 5 0 0 1 0 0 0 0 0
fl=/build/glibc-x07mZ9/glibc-2.24/stdio-common/../sysdeps/arm/get-rounding-mode.h
fn=__printf_fp_l
38 1 1 1 0 0 0 0 0 0
39 1 0 0 0 0 0 0 0 0
fl=/build/glibc-x07mZ9/glibc-2.24/stdio-common/../sysdeps/pthread/allocalim.h
fn=__printf_fp_l
29 2 0 0 0 0 0 0 0 0
fl=/build/glibc-x07mZ9/glibc-2.24/stdio-common/printf-parse.h
fn=vfprintf
108 7 0 0 0 0 0 1 0 0
fl=/build/glibc-x07mZ9/glibc-2.24/stdio-common/printf.c
fn=printf
28 5 2 1 1 1 1 5 0 0
32 2 0 0 0 0 0 1 0 0
33 5 0 0 4 2 2 0 0 0
37 4 1 0 1 0 0 0 0 0
fl=/build/glibc-x07mZ9/glibc-2.24/stdio-common/printf_fp.c
fn=__printf_fp
1256 2 1 1 0 0 0 3 0 0
1257 8 1 0 3 3 3 0 0 0
1258 1 0 0 3 0 0 0 0 0
fn=__printf_fp_l
215 6 1 1 0 0 0 10 0 0
229 1 0 0 0 0 0 1 0 0
230 1 0 0 0 0 0 1 0 0
245 2 0 0 0 0 0 1 0 0
254 4 0 0 1 0 0 1 0 0
261 1 1 1 0 0 0 1 0 0
264 3 0 0 0 0 0 0 0 0
285 3 0 0 1 0 0 0 0 0
328 1 0 0 0 0 0 0 0 0
378 2 0 0 2 0 0 0 0 0
381 3 1 1 0 0 0 0 0 0
395 5 0 0 1 1 1 0 0 0
411 7 0 0 0 0 0 1 0 0
415 2 0 0 0 0 0 0 0 0
440 4 1 1 1 0 0 0 0 0
451 4 0 0 1 0 0 0 0 0
452 1 0 0 0 0 0 0 0 0
454 1 0 0 0 0 0 0 0 0
455 5 0 0 0 0 0 1 0 0
456 3 1 1 0 0 0 1 0 0
457 3 0 0 0 0 0 1 0 0
463 2 0 0 0 0 0 1 0 0
464 2 1 1 0 0 0 0 0 0
473 3 0 0 0 0 0 0 0 0
481 5 0 0 0 0 0 0 0 0
482 4 2 2 0 0 0 0 0 0
484 4 0 0 0 0 0 0 0 0
485 9 1 1 2 0 0 1 0 0
486 1 0 0 0 0 0 0 0 0
487 5 0 0 1 0 0 2 0 0
489 2 1 1 0 0 0 0 0 0
498 45 1 1 9 2 2 0 0 0
500 6 0 0 0 0 0 0 0 0
523 4 0 0 2 0 0 2 0 0
524 21 0 0 9 1 1 1 0 0
530 12 2 2 6 0 0 2 0 0
532 2 0 0 1 0 0 0 0 0
534 3 0 0 2 0 0 0 0 0
535 1 0 0 0 0 0 0 0 0
536 1 0 0 0 0 0 0 0 0
537 3 0 0 0 0 0 1 0 0
540 43 0 0 12 0 0 0 0 0
543 10 1 1 4 0 0 2 0 0
544 10 0 0 6 0 0 0 0 0
545 7 0 0 0 0 0 0 0 0
546 4 0 0 0 0 0 0 0 0
549 9 0 0 0 0 0 0 0 0
551 28 0 0 8 0 0 1 0 0
552 1 1 1 0 0 0 1 0 0
558 3 0 0 1 0 0 0 0 0
562 8 0 0 4 0 0 0 0 0
566 4 1 1 1 0 0 1 0 0
568 8 0 0 0 0 0 0 0 0
594 5 2 2 0 0 0 0 0 0
597 6 2 2 1 0 0 0 0 0
613 4 0 0 0 0 0 0 0 0
615 4 0 0 1 0 0 1 0 0
616 6 0 0 2 0 0 0 0 0
618 8 1 1 3 0 0 1 0 0
812 2 0 0 1 0 0 1 0 0
821 1 0 0 0 0 0 1 0 0
822 7 0 0 5 2 2 1 0 0
824 2 1 1 0 0 0 0 0 0
834 3 0 0 1 0 0 0 0 0
836 3 0 0 1 0 0 1 0 0
837 5 1 1 1 0 0 2 0 0
838 3 0 0 0 0 0 1 0 0
839 1 0 0 0 0 0 0 0 0
840 3 0 0 1 0 0 0 0 0
842 3 1 1 1 0 0 1 0 0
844 3 0 0 0 0 0 1 0 0
882 2 1 1 0 0 0 0 0 0
896 9 1 1 1 0 0 0 0 0
903 3 0 0 1 0 0 0 0 0
913 7 1 1 0 0 0 2 0 0
914 8 1 1 2 0 0 2 0 0
917 3 0 0 1 0 0 0 0 0
920 17 0 0 3 0 0 1 0 0
922 4 0 0 0 0 0 0 0 0
923 12 0 0 0 0 0 4 0 0
925 1 0 0 0 0 0 0 0 0
926 2 0 0 1 0 0 0 0 0
927 5 1 1 1 0 0 0 0 0
929 4 0 0 2 0 0 1 0 0
941 3 0 0 0 0 0 1 0 0
942 1 0 0 0 0 0 0 0 0
943 31 2 2 2 0 0 2 0 0
944 2 0 0 0 0 0 0 0 0
946 6 0 0 0 0 0 0 0 0
947 18 0 0 0 0 0 6 0 0
950 42 1 1 0 0 0 0 0 0
959 9 0 0 5 0 0 2 0 0
960 2 0 0 1 0 0 0 0 0
962 6 1 1 1 0 0 0 0 0
963 2 1 1 0 0 0 0 0 0
964 3 0 0 1 0 0 0 0 0
967 3 0 0 1 0 0 0 0 0
979 4 1 1 1 0 0 0 0 0
1078 2 0 0 0 0 0 0 0 0
1085 2 1 1 0 0 0 0 0 0
1088 2 0 0 0 0 0 0 0 0
1101 3 1 1 1 0 0 0 0 0
1147 6 1 1 2 0 0 0 0 0
1149 6 1 1 2 0 0 1 0 0
1151 8 0 0 1 0 0 0 0 0
1154 2 1 1 0 0 0 0 0 0
1155 2 1 1 1 0 0 0 0 0
1156 3 1 1 1 0 0 0 0 0
1158 2 1 1 0 0 0 0 0 0
1159 2 1 1 2 0 0 0 0 0
1161 11 2 2 2 0 0 0 0 0
1170 3 1 1 1 0 0 0 0 0
1177 2 0 0 1 0 0 0 0 0
1180 1 0 0 0 0 0 0 0 0
1182 3 0 0 1 0 0 0 0 0
1184 3 1 1 1 0 0 0 0 0
1185 2 0 0 0 0 0 1 0 0
1189 5 0 0 1 0 0 1 0 0
1191 3 0 0 1 0 0 0 0 0
1202 5 1 1 1 0 0 0 0 0
1209 32 0 0 3 0 0 2 0 0
1210 33 1 1 11 0 0 0 0 0
1212 20 0 0 0 0 0 0 0 0
1215 20 0 0 0 0 0 10 0 0
1219 4 0 0 1 0 0 0 0 0
1236 172 1 1 33 0 0 0 0 0
1239 3 1 1 1 0 0 0 0 0
1246 8 0 0 2 0 0 0 0 0
1250 3 1 1 9 0 0 0 0 0
fn=hack_digit
169 22 0 0 0 0 0 44 0 0
172 33 1 1 11 0 0 0 0 0
174 44 0 0 11 0 0 0 0 0
182 33 1 1 11 0 0 0 0 0
186 77 0 0 33 0 0 22 0 0
188 55 0 0 33 0 0 11 0 0
189 11 0 0 11 0 0 0 0 0
191 22 1 1 11 0 0 11 0 0
192 88 0 0 22 0 0 0 0 0
203 44 1 1 0 0 0 0 0 0
204 22 0 0 0 0 0 0 0 0
205 50 1 1 20 0 0 20 0 0
209 55 2 2 44 0 0 0 0 0
fl=/build/glibc-x07mZ9/glibc-2.24/stdio-common/vfprintf.c
fn=vfprintf
1236 8 1 1 1 0 0 10 0 0
1267 5 1 1 3 3 3 1 1 1
1275 5 0 0 1 1 1 1 0 0
1279 5 0 0 1 1 1 0 0 0
1290 3 1 1 0 0 0 0 0 0
1301 1 0 0 0 0 0 1 0 0
1312 1 0 0 0 0 0 1 0 0
1316 13 2 2 4 2 2 3 1 1
1317 35 2 2 7 2 2 6 0 0
1320 10 0 0 3 1 1 0 0 0
1324 4 1 1 2 0 0 0 0 0
1328 15 1 1 6 2 2 0 0 0
1349 3 0 0 0 0 0 2 0 0
1350 1 0 0 0 0 0 1 0 0
1351 1 0 0 0 0 0 1 0 0
1352 1 0 0 0 0 0 1 0 0
1353 1 0 0 0 0 0 1 0 0
1354 2 0 0 0 0 0 0 0 0
1355 1 0 0 0 0 0 1 0 0
1356 3 1 1 0 0 0 1 0 0
1357 4 0 0 1 0 0 2 0 0
1358 1 0 0 0 0 0 1 0 0
1359 2 0 0 0 0 0 1 0 0
1362 3 0 0 0 0 0 2 0 0
1363 2 0 0 0 0 0 1 0 0
1366 3 1 1 1 0 0 1 0 0
1367 2 0 0 0 0 0 1 0 0
1370 18 1 1 6 2 2 3 0 0
1608 2 0 0 0 0 0 0 0 0
1609 18 2 2 7 2 2 1 0 0
1626 4 0 0 2 0 0 1 0 0
1631 4 0 0 2 0 0 1 0 0
1636 63 5 5 16 0 0 12 0 0
1637 18 1 1 3 1 1 8 2 2
1654 3 0 0 1 0 0 1 0 0
1656 3 2 2 1 0 0 0 0 0
1664 4 0 0 1 0 0 2 0 0
1668 17 1 1 3 0 0 0 0 0
1670 4 1 1 1 0 0 0 0 0
1690 17 2 2 4 0 0 3 0 0
1691 3 0 0 1 0 0 0 0 0
1694 3 0 0 9 0 0 0 0 0
fl=/build/glibc-x07mZ9/glibc-2.24/stdlib/../sysdeps/ieee754/dbl-64/dbl2mpn.c
fn=__mpn_extract_double
33 2 1 1 0 0 0 3 0 0
37 2 0 0 0 0 0 1 0 0
38 5 0 0 1 1 1 1 0 0
41 1 0 0 0 0 0 1 0 0
42 3 1 1 0 0 0 1 0 0
56 3 0 0 1 0 0 0 0 0
103 2 0 0 0 0 0 1 0 0
107 2 1 1 3 0 0 0 0 0
fl=/build/glibc-x07mZ9/glibc-2.24/stdlib/cmp.c
fn=__mpn_cmp
31 3 0 0 0 0 0 3 0 0
35 6 2 2 0 0 0 0 0 0
37 6 0 0 3 0 0 0 0 0
38 3 0 0 3 0 0 0 0 0
39 6 0 0 0 0 0 0 0 0
47 12 1 1 3 0 0 0 0 0
fl=/build/glibc-x07mZ9/glibc-2.24/stdlib/cxa_atexit.c
fn=__cxa_atexit
58 18 2 1 6 2 0 0 0 0
fn=__internal_atexit
34 36 2 2 6 0 0 24 0 0
35 12 0 0 0 0 0 0 0 0
37 12 0 0 0 0 0 0 0 0
41 24 0 0 18 1 1 0 0 0
43 6 0 0 0 0 0 6 0 0
44 6 0 0 0 0 0 6 2 2
45 6 0 0 0 0 0 6 0 0
46 6 0 0 0 0 0 0 0 0
47 12 0 0 0 0 0 6 0 0
48 12 0 0 24 0 0 0 0 0
fn=__new_exitfn
73 18 1 1 0 0 0 30 0 0
79 96 2 1 15 4 1 15 0 0
81 34 1 1 7 3 1 0 0 0
83 23 3 1 6 0 0 0 0 0
84 25 0 0 5 1 0 0 0 0
91 7 0 0 0 0 0 1 0 0
94 10 0 0 0 0 0 0 0 0
112 1 0 0 0 0 0 0 0 0
113 3 1 1 0 0 0 1 0 0
119 10 0 0 0 0 0 0 0 0
120 10 0 0 0 0 0 5 0 0
126 12 0 0 0 0 0 6 0 0
127 36 2 1 18 2 1 12 0 0
130 60 2 1 12 0 0 6 0 0
133 18 0 0 30 0 0 0 0 0
fl=/build/glibc-x07mZ9/glibc-2.24/stdlib/cxa_finalize.c
fn=__cxa_finalize
31 25 0 0 5 0 0 45 0 0
35 50 1 1 20 1 1 5 0 0
39 115 1 1 10 0 0 5 0 0
44 125 1 1 25 0 0 0 0 0
46 15 0 0 5 0 0 0 0 0
47 5 0 0 5 0 0 0 0 0
48 72 2 2 12 0 0 12 0 0
51 15 0 0 15 1 1 0 0 0
54 20 0 0 15 0 0 0 0 0
56 10 0 0 0 0 0 0 0 0
60 20 0 0 10 0 0 0 0 0
67 35 1 0 15 0 0 0 0 0
71 35 1 1 5 1 1 0 0 0
73 5 0 0 0 0 0 0 0 0
79 10 0 0 0 0 0 0 0 0
80 10 0 0 0 0 0 0 0 0
82 10 0 0 45 0 0 0 0 0
fl=/build/glibc-x07mZ9/glibc-2.24/stdlib/cxa_thread_atexit_impl.c
fn=__call_tls_dtors
145 4 0 0 1 0 0 7 0 0
146 6 1 1 3 1 1 0 0 0
164 2 1 0 7 0 0 0 0 0
fl=/build/glibc-x07mZ9/glibc-2.24/stdlib/divrem.c
fn=__mpn_divrem
46 77 1 1 11 0 0 132 0 0
47 22 1 1 0 0 0 11 0 0
49 44 0 0 0 0 0 0 0 0
89 44 0 0 11 0 0 11 0 0
90 22 1 1 22 0 0 0 0 0
91 22 0 0 22 0 0 0 0 0
92 11 0 0 11 0 0 0 0 0
93 11 0 0 11 0 0 0 0 0
95 22 0 0 0 0 0 0 0 0
101 94 0 0 21 0 0 0 0 0
106 20 0 0 10 0 0 0 0 0
107 20 0 0 0 0 0 10 0 0
109 60 1 1 20 0 0 0 0 0
111 20 0 0 0 0 0 0 0 0
126 20 0 0 0 0 0 10 0 0
130 390 4 4 50 0 0 40 0 0
131 20 0 0 0 0 0 0 0 0
136 90 0 0 0 0 0 0 0 0
147 10 0 0 0 0 0 10 0 0
148 20 1 1 0 0 0 0 0 0
150 22 0 0 11 0 0 11 0 0
151 11 1 1 0 0 0 11 0 0
234 33 0 0 110 0 0 0 0 0
fl=/build/glibc-x07mZ9/glibc-2.24/stdlib/exit.c
fn=__run_exit_handlers
35 6 1 1 1 0 0 2 0 0
40 3 1 1 1 1 1 0 0 0
41 2 0 0 0 0 0 0 0 0
47 4 0 0 2 1 1 0 0 0
51 21 0 0 0 0 0 0 0 0
53 6 0 0 0 0 0 6 0 0
54 6 0 0 0 0 0 0 0 0
55 40 1 1 6 1 1 0 0 0
79 1 0 0 0 0 0 0 0 0
81 5 1 1 4 0 0 0 0 0
83 3 1 1 1 1 1 0 0 0
84 1 0 0 0 0 0 0 0 0
88 2 0 0 1 0 0 1 0 0
89 2 0 0 0 0 0 0 0 0
95 2 0 0 0 0 0 0 0 0
96 16 1 1 3 1 1 0 0 0
98 2 1 0 0 0 0 0 0 0
fn=exit
104 1 0 0 0 0 0 2 0 0
105 5 1 1 1 1 0 0 0 0
fl=/build/glibc-x07mZ9/glibc-2.24/stdlib/lshift.c
fn=__mpn_lshift
37 1 0 0 0 0 0 4 0 0
63 1 0 0 0 0 0 0 0 0
64 1 0 0 0 0 0 0 0 0
65 1 1 1 0 0 0 0 0 0
66 1 0 0 1 0 0 0 0 0
67 1 0 0 0 0 0 0 0 0
69 8 1 1 0 0 0 0 0 0
71 2 0 0 1 0 0 0 0 0
72 3 0 0 0 0 0 1 0 0
75 2 0 0 0 0 0 1 0 0
78 1 0 0 4 0 0 0 0 0
fl=/build/glibc-x07mZ9/glibc-2.24/stdlib/mul.c
fn=__mpn_mul
48 8 1 1 1 0 0 10 0 0
54 2 0 0 0 0 0 0 0 0
66 2 1 1 0 0 0 0 0 0
67 1 0 0 0 0 0 0 0 0
71 1 0 0 1 0 0 0 0 0
72 2 0 0 0 0 0 0 0 0
81 3 0 0 0 0 0 0 0 0
83 2 0 0 1 0 0 1 0 0
88 2 0 0 0 0 0 0 0 0
142 3 1 1 9 0 0 0 0 0
fl=/build/glibc-x07mZ9/glibc-2.24/stdlib/mul_1.c
fn=__mpn_mul_1
29 36 0 0 0 0 0 36 0 0
39 12 1 1 0 0 0 0 0 0
42 12 1 1 0 0 0 0 0 0
45 50 0 0 25 0 0 0 0 0
48 100 0 0 0 0 0 0 0 0
50 25 0 0 0 0 0 25 0 0
52 50 0 0 0 0 0 0 0 0
55 12 0 0 36 0 0 0 0 0
fl=/build/glibc-x07mZ9/glibc-2.24/stdlib/rshift.c
fn=__mpn_rshift
39 2 0 0 0 0 0 12 0 0
45 6 1 1 0 0 0 0 0 0
63 2 0 0 0 0 0 0 0 0
64 2 0 0 0 0 0 0 0 0
65 2 0 0 2 0 0 0 0 0
66 2 0 0 0 0 0 0 0 0
69 20 1 1 0 0 0 0 0 0
71 8 0 0 4 0 0 0 0 0
72 12 0 0 0 0 0 4 0 0
75 4 0 0 0 0 0 2 0 0
78 2 0 0 12 0 0 0 0 0
fl=/build/glibc-x07mZ9/glibc-2.24/string/../sysdeps/arm/armv6/strchr.S
fn=index
28 22 5 1 22 6 6 0 0 0
30 22 0 0 0 0 0 0 0 0
38 22 0 0 0 0 0 0 0 0
39 22 0 0 0 0 0 0 0 0
40 22 0 0 0 0 0 0 0 0
42 22 0 0 0 0 0 0 0 0
43 22 0 0 0 0 0 0 0 0
46 212 0 0 212 0 0 0 0 0
48 212 2 1 0 0 0 0 0 0
50 212 0 0 0 0 0 0 0 0
52 212 0 0 0 0 0 0 0 0
53 212 0 0 0 0 0 0 0 0
56 20 0 0 0 0 0 0 0 0
58 20 0 0 0 0 0 0 0 0
59 20 0 0 0 0 0 0 0 0
60 9 0 0 0 0 0 0 0 0
63 9 0 0 0 0 0 36 1 1
70 9 0 0 18 2 2 0 0 0
72 9 0 0 0 0 0 0 0 0
78 9 0 0 9 3 0 0 0 0
79 9 0 0 0 0 0 0 0 0
81 9 0 0 0 0 0 0 0 0
88 15 0 0 0 0 0 0 0 0
89 15 0 0 0 0 0 0 0 0
90 15 1 1 0 0 0 0 0 0
91 15 0 0 0 0 0 0 0 0
92 15 0 0 0 0 0 0 0 0
93 15 0 0 0 0 0 0 0 0
94 15 0 0 0 0 0 0 0 0
95 15 0 0 0 0 0 0 0 0
96 15 0 0 0 0 0 0 0 0
97 15 0 0 0 0 0 0 0 0
99 15 0 0 12 0 0 0 0 0
101 15 0 0 0 0 0 0 0 0
107 9 0 0 0 0 0 0 0 0
108 9 0 0 0 0 0 0 0 0
110 9 0 0 0 0 0 0 0 0
111 9 0 0 0 0 0 0 0 0
112 9 0 0 0 0 0 0 0 0
117 9 0 0 0 0 0 0 0 0
123 9 0 0 0 0 0 0 0 0
124 9 0 0 0 0 0 0 0 0
125 9 0 0 0 0 0 0 0 0
126 9 0 0 0 0 0 0 0 0
127 9 0 0 0 0 0 0 0 0
128 9 0 0 0 0 0 0 0 0
130 9 0 0 36 0 0 0 0 0
139 22 0 0 0 0 0 0 0 0
141 22 0 0 0 0 0 0 0 0
142 22 0 0 0 0 0 0 0 0
fl=/build/glibc-x07mZ9/glibc-2.24/string/../sysdeps/arm/armv6/strlen.S
fn=strlen
26 46 2 2 46 3 3 0 0 0
35 46 0 0 0 0 0 0 0 0
36 46 0 0 0 0 0 0 0 0
37 46 0 0 0 0 0 0 0 0
38 46 0 0 0 0 0 0 0 0
39 46 0 0 0 0 0 0 0 0
42 419 0 0 419 1 1 0 0 0
44 419 0 0 0 0 0 0 0 0
46 419 1 1 0 0 0 0 0 0
47 419 0 0 0 0 0 0 0 0
50 45 0 0 0 0 0 0 0 0
51 45 0 0 0 0 0 0 0 0
52 23 0 0 0 0 0 0 0 0
55 23 0 0 46 0 0 0 0 0
62 23 0 0 23 4 0 0 0 0
63 23 0 0 0 0 0 0 0 0
71 70 0 0 0 0 0 0 0 0
72 70 0 0 0 0 0 0 0 0
73 70 0 0 0 0 0 0 0 0
74 70 0 0 0 0 0 0 0 0
76 70 0 0 94 0 0 0 0 0
78 70 0 0 0 0 0 0 0 0
83 23 0 0 0 0 0 0 0 0
84 23 0 0 0 0 0 0 0 0
86 23 0 0 0 0 0 0 0 0
87 23 0 0 0 0 0 0 0 0
93 23 0 0 0 0 0 0 0 0
95 23 0 0 0 0 0 0 0 0
96 23 0 0 0 0 0 0 0 0
98 46 2 2 0 0 0 0 0 0
99 46 0 0 0 0 0 0 0 0
fl=/build/glibc-x07mZ9/glibc-2.24/string/../sysdeps/arm/armv6/strrchr.S
fn=rindex
29 1 1 1 0 0 0 0 0 0
30 1 0 0 0 0 0 0 0 0
31 1 0 0 0 0 0 0 0 0
34 1 0 0 0 0 0 0 0 0
35 1 0 0 0 0 0 0 0 0
36 1 0 0 1 1 1 0 0 0
38 1 0 0 0 0 0 0 0 0
40 1 0 0 0 0 0 0 0 0
41 1 0 0 0 0 0 0 0 0
43 1 0 0 0 0 0 0 0 0
44 1 0 0 0 0 0 0 0 0
45 1 0 0 0 0 0 0 0 0
48 1 0 0 0 0 0 4 1 1
55 1 0 0 0 0 0 0 0 0
60 1 0 0 1 1 1 0 0 0
62 1 0 0 0 0 0 0 0 0
63 1 1 1 0 0 0 0 0 0
68 2 0 0 4 0 0 0 0 0
73 2 0 0 0 0 0 0 0 0
74 2 0 0 0 0 0 0 0 0
75 2 0 0 0 0 0 0 0 0
76 2 0 0 0 0 0 0 0 0
77 2 0 0 0 0 0 0 0 0
78 2 0 0 0 0 0 0 0 0
79 2 0 0 0 0 0 0 0 0
80 2 0 0 0 0 0 0 0 0
81 1 0 0 0 0 0 0 0 0
83 1 0 0 0 0 0 0 0 0
84 1 0 0 0 0 0 0 0 0
85 1 0 0 0 0 0 0 0 0
86 1 0 0 0 0 0 0 0 0
87 1 0 0 0 0 0 0 0 0
89 1 1 1 0 0 0 0 0 0
90 1 0 0 0 0 0 0 0 0
91 1 0 0 0 0 0 0 0 0
99 1 0 0 0 0 0 0 0 0
106 1 0 0 0 0 0 0 0 0
107 1 0 0 0 0 0 0 0 0
108 1 0 0 0 0 0 0 0 0
110 1 0 0 0 0 0 0 0 0
111 1 0 0 0 0 0 0 0 0
113 1 0 0 4 0 0 0 0 0
121 1 0 0 0 0 0 0 0 0
122 1 0 0 0 0 0 0 0 0
124 1 0 0 0 0 0 0 0 0
125 1 1 0 0 0 0 0 0 0
126 1 0 0 0 0 0 0 0 0
fl=/build/glibc-x07mZ9/glibc-2.24/string/../sysdeps/arm/memcpy.S
fn=memcpy
63 102 2 2 0 0 0 306 0 0
70 102 0 0 0 0 0 0 0 0
71 102 0 0 0 0 0 0 0 0
72 84 0 0 0 0 0 0 0 0
73 84 0 0 0 0 0 0 0 0
74 84 0 0 0 0 0 0 0 0
75 57 0 0 0 0 0 0 0 0
76 57 0 0 0 0 0 0 0 0
78 42 2 2 0 0 0 0 0 0
79 42 0 0 0 0 0 168 0 0
85 42 0 0 0 0 0 0 0 0
100 16 0 0 0 0 0 0 0 0
101 16 0 0 0 0 0 0 0 0
102 16 0 0 0 0 0 0 0 0
103 16 0 0 0 0 0 0 0 0
108 16 0 0 128 0 0 0 0 0
110 16 0 0 0 0 0 0 0 0
111 16 0 0 0 0 0 128 9 9
113 16 0 0 0 0 0 0 0 0
114 16 0 0 0 0 0 0 0 0
115 16 0 0 0 0 0 0 0 0
117 42 2 2 0 0 0 0 0 0
118 42 0 0 0 0 0 0 0 0
121 42 0 0 0 0 0 0 0 0
122 6 0 0 0 0 0 0 0 0
145 2 0 0 2 0 0 0 0 0
148 2 0 0 2 0 0 0 0 0
151 18 0 0 18 1 1 0 0 0
154 31 0 0 31 1 1 0 0 0
157 36 0 0 36 0 0 0 0 0
161 36 0 0 0 0 0 0 0 0
181 2 0 0 0 0 0 2 1 1
184 2 0 0 0 0 0 2 0 0
187 18 1 1 0 0 0 18 3 3
190 31 0 0 0 0 0 31 2 2
193 36 0 0 0 0 0 36 2 2
204 42 0 0 168 0 0 0 0 0
211 102 2 1 0 0 0 0 0 0
212 102 0 0 50 1 1 0 0 0
214 102 0 0 59 1 0 0 0 0
216 102 0 0 59 0 0 0 0 0
218 102 0 0 0 0 0 50 2 2
220 102 0 0 0 0 0 59 2 2
222 102 0 0 0 0 0 59 1 1
233 102 0 0 306 0 0 0 0 0
238 27 0 0 0 0 0 0 0 0
239 27 1 1 0 0 0 0 0 0
240 27 0 0 1 0 0 0 0 0
242 27 0 0 1 0 0 0 0 0
244 27 0 0 27 1 0 0 0 0
246 27 0 0 0 0 0 1 0 0
248 27 0 0 0 0 0 1 0 0
250 27 0 0 0 0 0 0 0 0
251 27 0 0 0 0 0 27 0 0
253 27 0 0 0 0 0 0 0 0
254 23 0 0 0 0 0 0 0 0
255 23 0 0 0 0 0 0 0 0
257 38 0 0 0 0 0 0 0 0
258 38 0 0 0 0 0 0 0 0
259 38 0 0 38 0 0 0 0 0
261 38 0 0 0 0 0 0 0 0
262 21 0 0 0 0 0 0 0 0
347 442 4 3 73 0 0 73 3 3
349 377 3 2 54 0 0 54 0 0
351 95 5 4 20 0 0 20 1 1
fl=/build/glibc-x07mZ9/glibc-2.24/string/../sysdeps/arm/memset.S
fn=memset
29 43 1 1 0 0 0 0 0 0
30 43 0 0 0 0 0 0 0 0
31 43 0 0 0 0 0 0 0 0
34 39 0 0 0 0 0 0 0 0
35 39 0 0 0 0 0 4 0 0
37 39 0 0 0 0 0 0 0 0
38 39 0 0 0 0 0 0 0 0
40 35 0 0 0 0 0 0 0 0
41 35 2 2 0 0 0 0 0 0
42 35 0 0 0 0 0 0 0 0
43 35 0 0 0 0 0 0 0 0
46 179 0 0 0 0 0 0 0 0
47 179 0 0 0 0 0 312 64 64
49 179 0 0 0 0 0 0 0 0
50 179 0 0 0 0 0 296 0 0
52 179 0 0 0 0 0 0 0 0
53 179 0 0 0 0 0 290 3 3
55 179 0 0 0 0 0 0 0 0
56 179 0 0 0 0 0 288 1 1
58 179 0 0 0 0 0 0 0 0
60 35 0 0 0 0 0 0 0 0
62 54 0 0 0 0 0 0 0 0
63 54 0 0 0 0 0 15 2 2
65 54 0 0 0 0 0 0 0 0
66 54 1 1 0 0 0 15 0 0
68 54 0 0 0 0 0 0 0 0
69 54 0 0 0 0 0 11 0 0
71 54 0 0 0 0 0 0 0 0
72 54 0 0 0 0 0 11 0 0
74 54 0 0 0 0 0 0 0 0
76 43 0 0 0 0 0 0 0 0
fl=/build/glibc-x07mZ9/glibc-2.24/string/memchr.c
fn=memchr
49 2 0 0 0 0 0 4 0 0
67 2 1 1 0 0 0 0 0 0
68 2 0 0 0 0 0 0 0 0
82 3 1 1 1 1 0 0 0 0
83 1 0 0 0 0 0 0 0 0
131 22 0 0 0 0 0 0 0 0
133 29 0 0 10 1 1 0 0 0
135 42 1 1 1 0 0 0 0 0
136 1 0 0 1 0 0 0 0 0
138 11 1 1 0 0 0 0 0 0
139 10 0 0 0 0 0 0 0 0
151 9 0 0 0 0 0 0 0 0
153 10 0 0 2 0 0 0 0 0
157 2 0 0 4 0 0 0 0 0
fl=/build/glibc-x07mZ9/glibc-2.24/string/memcmp.c
fn=bcmp
104 6 0 0 6 0 0 0 0 0
105 6 0 0 6 0 0 0 0 0
109 12 0 0 0 0 0 0 0 0
110 6 0 0 0 0 0 0 0 0
125 35 0 0 0 0 0 0 0 0
145 8 3 1 8 2 2 0 0 0
146 16 0 0 8 0 0 0 0 0
149 2 1 1 1 1 1 0 0 0
150 1 1 1 1 0 0 0 0 0
152 1 0 0 0 0 0 0 0 0
153 1 0 0 0 0 0 0 0 0
161 1 0 0 1 0 0 0 0 0
162 1 0 0 1 0 0 0 0 0
163 2 0 0 0 0 0 0 0 0
167 9 0 0 9 0 0 0 0 0
168 9 0 0 9 0 0 0 0 0
169 18 7 1 0 0 0 0 0 0
173 9 0 0 9 0 0 0 0 0
174 9 0 0 9 0 0 0 0 0
175 42 1 1 0 0 0 12 2 2
179 3 0 0 3 0 0 0 0 0
180 3 0 0 3 0 0 0 0 0
181 6 1 1 0 0 0 0 0 0
184 3 0 0 0 0 0 0 0 0
185 3 0 0 0 0 0 0 0 0
188 6 1 1 0 0 0 0 0 0
193 6 0 0 0 0 0 0 0 0
305 52 0 0 0 0 0 234 2 2
308 26 0 0 0 0 0 0 0 0
309 26 0 0 0 0 0 0 0 0
312 52 2 1 0 0 0 0 0 0
316 27 1 1 0 0 0 0 0 0
332 18 1 1 0 0 0 0 0 0
333 9 0 0 0 0 0 0 0 0
336 12 0 0 0 0 0 0 0 0
340 6 0 0 0 0 0 0 0 0
341 3 0 0 0 0 0 0 0 0
342 3 0 0 0 0 0 0 0 0
346 294 2 2 0 0 0 0 0 0
348 129 0 0 129 1 0 0 0 0
349 129 0 0 129 6 5 0 0 0
351 17 0 0 0 0 0 0 0 0
353 276 0 0 0 0 0 0 0 0
358 21 3 1 0 0 0 0 0 0
359 52 0 0 234 0 0 0 0 0
fl=/build/glibc-x07mZ9/glibc-2.24/string/strchrnul.c
fn=strchrnul
37 2 0 0 0 0 0 10 1 1
43 2 1 1 0 0 0 0 0 0
47 4 1 1 0 0 0 0 0 0
71 6 1 1 2 1 1 0 0 0
72 4 0 0 0 0 0 0 0 0
118 4 1 1 2 1 1 0 0 0
121 4 0 0 2 0 0 0 0 0
124 4 0 0 0 0 0 0 0 0
129 8 0 0 2 0 0 0 0 0
132 8 0 0 0 0 0 0 0 0
140 8 0 0 2 0 0 0 0 0
142 12 1 0 12 0 0 0 0 0
fl=/build/glibc-x07mZ9/glibc-2.24/string/strcmp.c
fn=strcmp
38 29547 2 2 29547 127 40 0 0 0
39 29547 0 0 29547 87 27 0 0 0
40 59094 0 0 0 0 0 0 0 0
41 4230 0 0 0 0 0 0 0 0
43 54864 3 2 0 0 0 0 0 0
45 653 0 0 0 0 0 0 0 0
46 653 0 0 0 0 0 0 0 0
fl=/build/glibc-x07mZ9/glibc-2.24/string/strcspn.c
fn=strcspn
32 3 1 1 0 0 0 5 0 0
33 7 0 0 2 1 1 0 0 0
39 5 0 0 0 0 0 0 0 0
40 4 1 1 0 0 0 0 0 0
41 4 0 0 0 0 0 0 0 0
42 6 0 0 0 0 0 0 0 0
47 7 0 0 2 0 0 3 0 0
48 6 1 1 0 0 0 0 0 0
51 4 0 0 2 0 0 0 0 0
52 5 0 0 2 0 0 0 0 0
53 5 1 1 2 0 0 0 0 0
54 5 0 0 2 0 0 0 0 0
56 1 0 0 0 0 0 0 0 0
62 22 0 0 22 0 0 0 0 0
63 11 0 0 11 0 0 0 0 0
64 22 0 0 22 0 0 0 0 0
65 11 0 0 11 0 0 0 0 0
67 66 1 1 22 0 0 0 0 0
69 1 0 0 0 0 0 0 0 0
70 6 0 0 0 0 0 0 0 0
71 2 0 0 5 0 0 0 0 0
fl=/build/glibc-x07mZ9/glibc-2.24/string/strdup.c
fn=strdup
40 14 6 1 0 0 0 28 0 0
41 14 0 0 0 0 0 0 0 0
42 14 0 0 0 0 0 0 0 0
44 14 0 0 0 0 0 0 0 0
47 21 0 0 0 0 0 0 0 0
48 7 0 0 28 0 0 0 0 0
fl=/home/pi/csci263/MatMultLab/MatMult2k.c
fn=main
12 1 0 0 0 0 0 0 0 0
14 5602 2 1 1 1 1 0 0 0
15 2560000 0 0 0 0 0 0 0 0
16 2560000 0 0 0 0 0 0 0 0
17 5120006 0 0 2 0 0 1280000 160000 160000
54 802 1 1 1 1 1 2 0 0
59 4 0 0 3 2 2 0 0 0
63 3 0 0 1 1 1 0 0 0
65 2 0 0 2 0 0 0 0 0
fn=multMat(double (*) [800], double (*) [800], double (*) [800])
34 2404 0 0 0 0 0 4 1 1
36 1920002 1 1 640001 160000 8113 0 0 0
38 2400 0 0 0 0 0 0 0 0
39 1280800 0 0 0 0 0 0 0 0
41 1024000000 0 0 0 0 0 0 0 0
42 2048000000 1 0 1024000000 530006751 64138179 0 0 0
44 640000 0 0 0 0 0 640000 640000 80252
45 1280000 0 0 0 0 0 0 0 0
50 1 0 0 4 1 1 0 0 0
fl=???
fn=???
0 1472 140 97 543 142 76 268 13 10
fn=__aeabi_atexit
0 20 3 2 0 0 0 0 0 0
fn=__aeabi_uidivmod
0 22200 3 3 8325 0 0 8325 6 5
fn=__cxa_guard_acquire
0 23 4 4 13 2 1 8 0 0
fn=__cxa_guard_release
0 11 2 1 3 1 1 2 0 0
fn=__libc_csu_init
0 22 2 1 11 2 2 8 0 0
fn=__udivsi3
0 232369 23 20 0 0 0 0 0 0
fn=std::_V2::error_category::~error_category()
0 3 0 0 0 0 0 0 0 0
fn=std::error_category::error_category()
0 14 1 1 6 2 0 2 0 0
fn=std::error_category::~error_category()
0 2 0 0 0 0 0 0 0 0
fn=std::future_category()
0 24 2 1 8 4 3 2 0 0
summary: 3089724403 1508 1186 1025273031 530183174 64153075 2150954 800624 240570
